216	53.761087743852237
-12.250768113205821	-14.368088199565630	-20.362798288353403	-12.199279574061215	-14.259539949374380	-20.623964207264549	-12.205649272955247	-14.370680909646564	-20.354135738175930	-12.149042460859416	-14.259949085947872	-20.615871177213936
-4.700620938327907	-12.368443675396945	-24.042148893773973	-4.703586394102472	-12.370443400897518	-24.041663783915315	-4.726365705264528	-12.375115309839424	-24.017723781632508	-4.729130178096913	-12.377055019697414	-24.017317944239434
2.503613538830296	-11.213943310323845	-24.385850434242094	2.638741533734976	-11.284277717405963	-24.180958737346693	2.505407719522863	-11.244790763025350	-24.392369173968451	2.639725468301656	-11.314873030123399	-24.183448824332437
21.433913019387134	-4.491408937687434	-23.362983663307670	21.435613670083637	-4.492620266552585	-23.363433695003742	21.408045928489859	-4.470406974713967	-23.354638190114976	21.409783544611312	-4.471619717423186	-23.355118011549340
-20.152854394296725	-7.556506030879796	-24.734578524800224	-20.225456176287196	-7.435063269780456	-24.649378309330629	-20.163525032978871	-7.542365681682010	-24.730222675995048	-20.235547752308062	-7.422730069072004	-24.644568199635078
-12.553649322301508	-5.767230187915601	-21.251194456691529	-12.554651406932795	-5.766754063709154	-21.254810037088937	-12.560993227829517	-5.778770135702863	-21.269704165646999	-12.562121299302506	-5.778307900932182	-21.273192382263506
-5.258890506881006	-4.351253493237413	-23.729434589750095	-5.305728607608956	-4.313284825745314	-23.567221705082467	-5.298449904127242	-4.353576469447903	-23.699175708992097	-5.339946318455720	-4.315144997429933	-23.536793527383438
2.239160461224276	-2.695748674242243	-22.662017843048304	2.240471812953142	-2.697495928725210	-22.660373909358078	2.233142180027530	-2.662732053871004	-22.665787162340155	2.234361823869182	-2.664602190948414	-22.664148126087337
14.269621729266612	-4.396198795256668	-19.636464374175347	14.428912212530808	-4.461328520379239	-19.768930489834439	14.258938133580315	-4.400182771682912	-19.622759701149814	14.421038886744919	-4.463307595214237	-19.757857174129050
-22.221352043489905	1.331680644153585	-23.719720465157451	-22.220903430429754	1.330026218496672	-23.716287189495077	-22.262921266223564	1.341826282321480	-23.689680551204610	-22.262472183827089	1.340233498928598	-23.686371296917308
-13.493488678194071	5.906357881070276	-20.710549817192078	-13.401936929093029	5.826008755231163	-20.912071433056145	-13.468555711723896	5.902643803654875	-20.706841421556994	-13.380021935595661	5.824074162145926	-20.905868470172759
-5.543537677121225	4.728212546497780	-23.250431229986386	-5.543365516093669	4.727834046582154	-23.250517027625971	-5.546261770843116	4.701351558713947	-23.219973688175308	-5.546028265310721	4.700989926912635	-23.220074703545546
3.020126592005573	4.737775444876875	-23.045470302098973	3.123440150512708	4.795948227961848	-23.017341866215695	3.031205927389170	4.751825103246829	-23.064053933258041	3.134291667107274	4.805530805820720	-23.034446719970678
12.554793193069045	3.133999900279263	-22.119963330589563	12.554639956884916	3.135279086670246	-22.120229618615337	12.560123438200671	3.103956917862808	-22.129530329530926	12.559960409121016	3.105273973811058	-22.129780563431346
23.066983837335457	3.940899616310771	-22.665518962068031	23.040433080914745	3.766129570441697	-22.668568645913453	23.051767468218806	3.975364588057979	-22.686415420646984	23.027486567161894	3.796296704534535	-22.690193679320199
-13.418914417073633	14.287943785118633	-22.913520248260930	-13.420216613006339	14.286973857048427	-22.910633318278489	-13.426386708245605	14.273860586249496	-22.865269656039818	-13.427647337174589	14.272923135650707	-22.862497534001541
-4.317111255700278	12.841316932211376	-20.833956995577132	-4.345604184490977	13.035071925474453	-20.897829082391350	-4.289568685596367	12.836332538861216	-20.847456007919437	-4.319064611985966	13.031653059226219	-20.908060209236734
5.921308044040502	12.220583221170331	-19.572329130490836	5.920022935927382	12.220933261635720	-19.573364004396595	5.920669283577350	12.239465573720626	-19.589746163518104	5.919394976698875	12.239805957706357	-19.590773247992729
13.916317497059969	12.349295443071600	-18.498696323359074	13.834854683853679	12.317456658667162	-18.523655280579757	13.921277512740527	12.353971017500850	-18.520075402446952	13.840021747173116	12.322441782135575	-18.542686400193556
22.814931317485588	14.217848058462238	-19.768134106511408	22.814046599113240	14.217832964759445	-19.768948213876303	22.819381169714681	14.186381430598972	-19.779361601658593	22.818532156539913	14.186373187050993	-19.780197384784170
-23.463421906178102	13.807251979952966	-23.027481119897992	-23.317225369547984	13.981087772407442	-23.002243098262358	-23.429924142491391	13.784164528988454	-23.029138811575464	-23.286477324452992	13.953893474018786	-23.003560556575614
-2.433438015631746	22.791524439367855	-18.755560989966902	-2.433932575003101	22.790701514981368	-18.758319468137390	-2.398512899965981	22.824378859347409	-18.735240045560374	-2.398953674773881	22.823538546879071	-18.737966167340357
4.538632302233575	21.164210788692444	-21.879781304619062	4.499918717026565	21.249046576612102	-21.890710273676703	4.572869440050422	21.166130033982068	-21.892428015579213	4.534811583899619	21.253178876501710	-21.901393028854713
12.655380644095056	23.548453898041043	-22.592489841714379	12.655764407578848	23.548146098144997	-22.590222235729861	12.609281557360170	23.561100138560789	-22.602551808767831	12.609761768616027	23.560785218813887	-22.600364809263752
23.724094127682253	23.160897662179487	-23.567703327846989	23.733518080579483	23.202345394687377	-23.550190025157441	23.721020178954163	23.161931911244281	-23.573342075552393	23.730689482187508	23.202172346991777	-23.558285379845387
-21.950483562523452	22.044401387131881	-23.628618427911096	-21.948460420326434	22.044456438850180	-23.628117149391965	-21.913986075275176	22.111833890288374	-23.627203827268758	-21.912050413721310	22.111640237224808	-23.626680413418413
-11.603429525155132	21.976326081925194	-22.632498688233266	-11.619159025366352	21.937956098377906	-22.710343045404731	-11.624623330675837	21.981621730478530	-22.595446481478206	-11.638584800374334	21.941250792420952	-22.674297301551910
5.795429761572024	-22.409392328830826	-23.508311633548974	5.795668896432107	-22.408963608782706	-23.507897354407270	5.790949516359202	-22.391243017160075	-23.493669427240050	5.791214471563273	-22.390798169713054	-23.493223459822779
13.804767152919085	-22.097910045506165	-22.690914706407398	13.649632799164554	-22.182281336595342	-22.619222576381521	13.799003579888888	-22.094445367043150	-22.709648911311035	13.643740519273349	-22.176333761825290	-22.636022052362527
24.127182726091860	-21.773854342967997	-23.391685783656239	24.125582130462675	-21.775130566601351	-23.391709973923085	24.100307738855328	-21.750744154817379	-23.395205012788669	24.098872090869317	-21.752292602554139	-23.395170872467002
-21.982190019400548	-23.535361042576763	-21.785550365422502	-22.048234683699750	-23.490499011427257	-21.864336415743935	-21.944366488765940	-23.544420732062040	-21.794189795250798	-22.012751833901198	-23.501449348397784	-21.874427225320083
-10.213070829528007	-21.311627040019527	-22.434462967205544	-10.212412351341115	-21.314435219684118	-22.436494920455957	-10.206225436272055	-21.320201656217776	-22.424032687725667	-10.205551706231409	-21.323034481017213	-22.426107613136232
-1.816752545575742	-23.302809870194316	-22.738931763680601	-1.899574473218280	-23.289774223294121	-22.743983824608030	-1.798974149094322	-23.308824754833594	-22.736163874859209	-1.885211406345898	-23.297102281515990	-22.737154373483719
15.623821073114630	-5.436649840870014	-12.811105390888104	15.620924656648905	-5.437818778989643	-12.806175204173593	15.632873433881983	-5.412974281282064	-12.794159096438548	15.629812277765069	-5.414131661698729	-12.789271138041975
22.719898792133975	-3.118749815330820	-12.335550732772953	22.660896476377800	-3.365423876972149	-12.447264005400001	22.709024735132012	-3.165966566952560	-12.319280327223309	22.651137285552693	-3.409061777709488	-12.433281215499328
-22.610222504729073	-8.698322042411778	-12.741624263155396	-22.610826888818739	-8.692435427260744	-12.741349936676778	-22.620619396534064	-8.697447895700956	-12.706404642780411	-22.621210603010979	-8.691686878737119	-12.706134076251953
-13.468897438265326	-4.991001401629650	-14.222776360270084	-13.532495220191029	-5.034383503538351	-14.183898901162150	-13.469842867896350	-4.991280014746910	-14.220554968839878	-13.533129090590204	-5.035967671438365	-14.180244332795596
-3.863366137417558	-4.313408271802004	-15.710857133439024	-3.866949058202755	-4.313021821022801	-15.709886616644290	-3.885351133140327	-4.355542658375970	-15.731705781712362	-3.888721930606799	-4.355090078959166	-15.730622813106017
3.330831791336761	-3.307234697826022	-14.459947495318584	3.250798191350433	-3.454260910267857	-14.427927209887534	3.335117362107546	-3.276977124098158	-14.446354140074707	3.254323347370392	-3.425585071304582	-14.415361795392133
23.271446279940200	5.030458469635120	-13.319730400775635	23.270163018696266	5.031560560459441	-13.321213592366243	23.290215224617942	5.043288116809411	-13.281106166009266	23.288927278135066	5.044299758642611	-13.282671572887615
-22.149399138904862	4.794619174346588	-14.879113234214987	-22.182997342041169	4.884466401816796	-14.783088001859980	-22.142599271647825	4.797279046233832	-14.862968479539765	-22.175254152319621	4.884328216996772	-14.765998956575078
-13.509956021970689	5.236680335504670	-13.200179565917969	-13.510247200154703	5.236669929196576	-13.197724902874835	-13.537066070888772	5.240375765957793	-13.205370252390310	-13.537328908820246	5.240354608439783	-13.202871582282967
-4.882830917319215	4.378975614095761	-13.102763775579858	-4.951423591032726	4.308732239378348	-13.053602368349228	-4.900192603165821	4.383463889507037	-13.097330437667015	-4.969764041791070	4.314521599984921	-13.047300566229655
4.645884700643972	4.446415379119196	-10.745290352051050	4.641841923873109	4.447365665772779	-10.745638612272138	4.660263740124024	4.415170027041494	-10.744978941908977	4.655960576294619	4.416209606347667	-10.745230885706288
11.357932491763425	2.936414432009846	-12.608349217275974	11.384677940758731	3.011721305134665	-12.490100962233571	11.330433564260421	2.976035072231331	-12.609161354774074	11.363891505320444	3.047758800005453	-12.488000323417785
-22.290365133217662	12.985846547923931	-14.230244053593479	-22.291081313681833	12.986027057732080	-14.230510458117992	-22.254674686473692	13.026690243580406	-14.213332891209804	-22.255457617405863	13.026773404274932	-14.213648561513132
-14.490282304164271	15.525856684632300	-12.267931114258154	-14.407702344323944	15.246642755231019	-12.536177916396509	-14.476360647135513	15.502993605573785	-12.272998993431456	-14.397763267132499	15.227335011211085	-12.537976093298139
-4.305211252130536	14.889475938608562	-12.696526267375363	-4.305811302373183	14.889916847608422	-12.697946684076109	-4.288310192375500	14.878174405715367	-12.693301719116080	-4.288903654260587	14.878610164752011	-12.694741262269844
3.974083337460290	12.826729767940570	-11.306323434099820	4.034410605990660	12.910328512457506	-11.378706199109807	4.004242139717944	12.827316468770240	-11.313257213972131	4.060881456253830	12.913895039649782	-11.388132015135712
15.063551692261823	13.229469108123601	-10.660112913021740	15.062214655154015	13.228238911173273	-10.660924665149595	15.032838762248300	13.211375844499292	-10.674625686753050	15.031567925738182	13.210227339276727	-10.675240849738639
22.887716542347182	14.794898263385853	-11.759070984792043	22.784029002228394	14.513029969751344	-11.871892921855464	22.898880969042164	14.772303750537873	-11.763563197313971	22.797459569622145	14.490939396051161	-11.873854402463021
-13.632873876326988	23.244548103954177	-15.189898932945034	-13.633517357933142	23.245792678424987	-15.189448233789275	-13.643097182299462	23.205883350513790	-15.187292803571831	-13.643747007591024	23.207182466657397	-15.186746239899271
-5.476978963473428	24.017574208938083	-11.953017556399537	-5.372404557987991	23.711793207934985	-12.216854449728688	-5.515551804373031	24.003414910111328	-11.948096806513327	-5.406093699425558	23.699692466953522	-12.213973274075773
4.401706485217137	20.956619267423289	-11.895207233239560	4.402502376741174	20.955443178658090	-11.896363839437905	4.388156134958071	20.947058698533130	-11.927577357603290	4.388933206395659	20.945950319188768	-11.928716573424795
14.430816134459047	23.448833982472522	-12.402714499438689	14.468450207231049	23.573901988894523	-12.570198248332344	14.450351843829642	23.436926626758968	-12.427717174428921	14.484962756480870	23.562391758881745	-12.593037007845146
22.019836348629642	25.381135551184734	-13.653925238970775	22.021258872488051	25.378917429256347	-13.654959086614150	22.067045223285902	25.356184272717734	-13.623705506293668	22.068416979919657	25.353905895363770	-13.624714963196073
-22.274915962258461	21.412248142624144	-13.467194782873756	-22.302496618303518	21.613581386293063	-13.532937035899581	-22.252558857895178	21.436431642600880	-13.484281534874979	-22.279918968177267	21.634937190732501	-13.548252339440713
-4.588566741314282	-20.644737515197949	-14.421323136440837	-4.587354426724152	-20.645358067789203	-14.422404689436540	-4.621275602508165	-20.622502471879205	-14.473182350070550	-4.620106354104353	-20.623196582804646	-14.474115471978418
3.744891520537918	-25.201634790125393	-13.032769641739746	3.787006099169763	-25.149734424153685	-13.013400156309091	3.732315185455801	-25.193340166842894	-13.048372688591217	3.773925680633063	-25.145115919664093	-13.030395303755105
14.042078123388661	-22.654287375870041	-15.111883163699053	14.041973231997208	-22.653073872411866	-15.109427391691373	14.025562761559588	-22.645280414164397	-15.141209517934426	14.025454093981232	-22.644129352743644	-15.138675753807908
24.168291441473734	-20.776422327757469	-12.939175437531624	23.917162398694419	-21.030907658469399	-12.977865082207453	24.149062300174620	-20.797606096542559	-12.982802318951077	23.904814598566091	-21.050592701758248	-13.019565920154873
-21.941931334660023	-23.829155181634594	-14.283490918997936	-21.941174980168828	-23.830146074080734	-14.281024838676144	-21.979910090619072	-23.828301427251894	-14.255558977923513	-21.979135294181177	-23.829285502928919	-14.253218775374284
-13.205022168746289	-21.347932330936960	-15.043305955725918	-13.136466780469570	-21.479580872648107	-15.073833767271910	-13.242130478597216	-21.351806471806388	-15.066423761881738	-13.166341888942167	-21.480387990195599	-15.092012596684773
7.252946980772513	-11.987107225342328	-16.388680518980330	7.248769455473369	-11.986488598166380	-16.388753312477434	7.245789163423810	-11.992253555579460	-16.374939986215821	7.241594943375337	-11.991625152484914	-16.375029745838681
14.268156402697803	-13.724313267973674	-15.384284660237959	14.229755814095073	-13.673924972673746	-15.416377873849187	14.255712503548027	-13.720098930621747	-15.353404644988633	14.219865637767921	-13.670681089183519	-15.388993814575821
21.688104060424486	-11.083929851072245	-16.022346634200805	21.690303663387052	-11.084097778616750	-16.022158900375008	21.640300426892161	-11.097165875371902	-16.010956119196688	21.642590140144545	-11.097350636636344	-16.010855522405699
-22.166753871533114	-15.962365887118869	-13.467289779691374	-22.048111271494609	-15.586858368211512	-13.521926963934064	-22.169717231357083	-15.978741575706485	-13.465420964775335	-22.050863695874625	-15.600376460442913	-13.518949715124094
-13.644020158914671	-13.808607415211588	-13.205702992929105	-13.644510579064525	-13.806908598633166	-13.202956973767973	-13.664812314503900	-13.800438873940827	-13.179845691625086	-13.665290820910606	-13.798785507727606	-13.177247500741132
-4.572343794571625	-12.496563884205965	-14.551940082215653	-4.498081491722799	-12.499650807981878	-14.441055474442464	-4.569601888550907	-12.494519942759901	-14.515218761571965	-4.493183893471654	-12.496779911362108	-14.402920608598903
15.508032186470949	3.826743504457738	-2.890812928398919	15.506645610595827	3.826570327026848	-2.890931551078414	15.466766295749313	3.848208321481457	-2.926801082895491	15.465408983315685	3.848040861527142	-2.926922653081972
23.563046646676771	4.506182709586831	-5.258087030029293	23.377098973565303	4.636756091604163	-5.238442886748213	23.558181616079363	4.503300654568657	-5.248827784962166	23.371867798326271	4.637198757518894	-5.233273226863941
-21.963314212578716	4.427177297164654	-4.421383609096952	-21.962718404512106	4.428016103359387	-4.422424712647782	-21.945765399993647	4.448309774166302	-4.451292866643890	-21.945191825061862	4.449101917313547	-4.452305093591464
-13.077608338664152	3.368272390106294	-3.803313219069525	-13.135706760096880	3.506670096771918	-4.008226962169273	-13.072280971307421	3.370884704764430	-3.793194063238388	-13.131302791239271	3.507930525697586	-3.997243089678343
-4.851361415396734	3.780171212355555	-5.810432469397057	-4.851342827676668	3.783087538966796	-5.807182487833447	-4.864822032966845	3.769007961151708	-5.779175055710301	-4.864774791609378	3.771968832795771	-5.776035543944419
2.774450625142658	3.257089684880042	-2.975683956037516	2.845408514624993	3.343584621903558	-3.071132052589375	2.773889153624225	3.269986613759309	-2.972662875229585	2.846914862292085	3.356342088756775	-3.065811645175902
22.088660486231703	13.325898990814670	-4.838386724751986	22.088696803047597	13.324960976194419	-4.833581112456634	22.139048773302044	13.299393250320707	-4.822213913910566	22.139022328812519	13.298525737564557	-4.817487725707657
-21.218242284835060	13.303965447259985	-5.452692811963021	-21.322626675059819	13.224906851612714	-5.203636402332513	-21.210644165870210	13.305109946714952	-5.462070477456471	-21.315495273601456	13.223910598460703	-5.214928929828164
-12.460941280589092	12.076818140753568	-4.305319394890009	-12.462426010196014	12.077018056658458	-4.304299335364203	-12.464516487014421	12.066279128356776	-4.327384060070806	-12.465956938625414	12.066481639064142	-4.326360436581278
-4.536763743925458	12.836137659826800	-5.179179719622382	-4.717497058141354	12.848901354421340	-5.189528593717007	-4.524488452835037	12.848019351629432	-5.172364836836713	-4.706959756523449	12.859281631678453	-5.182233413737650
5.953366848577448	12.350309051982995	-3.395200508364029	5.952304772470967	12.349056425081422	-3.395434436816576	5.962105105355611	12.343916321697924	-3.353719888790864	5.960928507954497	12.342580109287637	-3.354166599931721
13.413994848065020	15.606798794628283	-3.457806296417022	13.449840189646816	15.452249159329984	-3.617815285242377	13.359631964363757	15.607564369839327	-3.412811407446226	13.398320042558636	15.452641705228920	-3.577506702286218
-23.009170116995787	22.346515463291439	-4.996975246442587	-23.006912718673984	22.347056816237181	-4.995695441951533	-22.993420399218376	22.362533141459494	-4.970316408301067	-22.991224679947820	22.363058815780889	-4.969073857556291
-13.816248504423884	21.230901798700927	-7.013322227695003	-13.785703883752056	21.462830275049381	-6.587368596092355	-13.807854554516382	21.240325836298343	-6.983795798716206	-13.781754139871513	21.465956493381888	-6.558909565193237
-6.191638837798229	22.231121675004687	-4.493326480076102	-6.190088173003451	22.230725075830286	-4.492281053894082	-6.221046435112118	22.256507498973075	-4.469455519810880	-6.219388749541160	22.256100350465537	-4.468500849824982
2.815078192953866	22.359953751786939	-3.906324998123231	2.957595288220771	22.432364359711830	-3.966993629336040	2.831529036518356	22.340642912672671	-3.917179575766551	2.974496483145164	22.418752790090213	-3.977354401676328
10.687734909976003	23.030571270730032	-3.430733410897688	10.689405694914791	23.031932186753895	-3.431462543252715	10.659902554053737	23.015902570471638	-3.447532997981484	10.661694875693559	23.017324568999243	-3.448270106308768
22.918530374123488	22.213862505794108	-5.098459384949416	23.054717793158389	22.191341098604486	-5.001958395710401	22.910073252122046	22.198435178552529	-5.099768796508442	23.050761092129598	22.176934438575781	-5.002593496393881
-14.673944923531263	-20.274935094753648	-4.504306400469304	-14.673090440318404	-20.277308440786960	-4.503573900528575	-14.655394800995740	-20.252637805551228	-4.526257056811977	-14.654786761768399	-20.255167664361096	-4.525531830147670
-6.764188644437303	-22.450873171440289	-6.974191428035099	-6.672581419654894	-22.393835982996457	-6.718027796654541	-6.777946538229135	-22.489845120059663	-6.949007951978499	-6.689439583728957	-22.430242352149492	-6.691580795215017
3.124442908413242	-22.327983881384757	-6.174127106707471	3.123581532112221	-22.327501010534245	-6.171491049847641	3.125324126114866	-22.359128864129779	-6.171141916368249	3.124487067017073	-22.358616578423792	-6.168519744824198
13.150240620899337	-22.447305559804175	-5.367594496778200	13.233988261188360	-22.357089166585808	-5.270804482934695	13.149934376542712	-22.452198403829701	-5.349740897791703	13.232711287073743	-22.362162842193637	-5.254076322934043
20.749788267913654	-20.846313841858553	-5.705776167939940	20.751666484474551	-20.847741717422050	-5.703986502333391	20.777094219809875	-20.838225099493030	-5.655678953065864	20.778962700549137	-20.839683814943701	-5.653993405391591
-22.261956285235286	-21.594506505006443	-5.178635829372531	-22.128866552376557	-21.519077929033099	-5.062588897422185	-22.281044238484583	-21.604642347453719	-5.177540809586868	-22.151291386401471	-21.533829940712099	-5.061086810383919
-3.733408959303376	-10.685270775451523	-6.531250738987763	-3.731338094893554	-10.687815060699599	-6.530505954515913	-3.738384071593669	-10.712296473052833	-6.582435935374387	-3.736345747305903	-10.714711176418170	-6.581503281403858
6.411236858492456	-14.889940654978762	-5.807478985766514	6.312308570588947	-14.771864334462064	-5.810199423427860	6.420393008975315	-14.896345098986009	-5.783940289221007	6.320444138133616	-14.775652022663309	-5.789116098321153
14.066118345641749	-15.175705713624694	-5.389045159598058	14.067814423294955	-15.171890117464462	-5.390051033453847	14.084925456627502	-15.184850765165484	-5.388417326716564	14.086620489802625	-15.181029497646069	-5.389407441424516
22.112887435148107	-12.864819578411897	-4.902057922593501	22.129737183825799	-12.911717683546295	-4.904167209486258	22.136842841598003	-12.855133922288889	-4.936397428755289	22.153875721001157	-12.902867859322543	-4.934818786184159
-22.636184059205323	-13.551952747056397	-4.030620935898065	-22.635288662712544	-13.550352572725297	-4.031226471264245	-22.660587021731882	-13.488709579020393	-4.014055679589996	-22.659618522986197	-13.487298673136975	-4.014747625926652
-11.525982052183425	-13.305724012066504	-4.900579792880655	-11.769803895336254	-13.335651428761272	-4.999668673560453	-11.541761144593968	-13.321736483925893	-4.901527418259871	-11.785322872699465	-13.350008958601322	-5.002494998175843
5.415083387101297	-5.997320549382638	-5.953268989789716	5.413522409638231	-5.996790421735173	-5.953266884273305	5.439226261971851	-6.019693070582737	-5.958904631312437	5.437630220363801	-6.019139119127493	-5.958917325392563
13.389628850313182	-6.130019866057269	-3.632383783449665	13.263528126515061	-6.031118764846300	-3.699213001835107	13.394714645663255	-6.144384525628160	-3.625075483528786	13.267125945711198	-6.045060747316700	-3.694041390294954
23.618398311293959	-5.425416568686265	-2.822756506698701	23.618041786473949	-5.423969206098326	-2.822900237106835	23.624861305066919	-5.444937302091839	-2.814101733748490	23.624448531354510	-5.443453876288120	-2.814171719178342
-22.098126319776419	-3.714026337890537	-4.602666537937029	-22.127311013919755	-3.912576475321926	-4.580396684495994	-22.132675019422940	-3.704186980739956	-4.598238485750386	-22.159535824564038	-3.907032679113399	-4.574985928543676
-13.964753093765484	-3.583553245493913	-6.523413852261064	-13.965158496531362	-3.586008751150410	-6.522623376705534	-13.945108149595873	-3.563587830002892	-6.538605528371207	-13.945587949079151	-3.566061458967050	-6.537780172860156
-5.657359908946055	-3.426660088906462	-4.923752237160868	-5.570438184488516	-3.572959838813871	-4.894823742657347	-5.641487301312140	-3.433282426622893	-4.913353929178204	-5.559974725534224	-3.579912968855036	-4.883083231566898
14.247096768792128	13.965481672239671	5.424821028765320	14.246116534074924	13.969203475092607	5.425823621304390	14.276366491507094	13.943462340455769	5.407380249660071	14.275242542735043	13.947316341160466	5.408416289500722
21.967609380876326	13.547395037606242	5.160481872760636	21.908809494641119	13.521913035330089	5.015688623145163	21.938949862980003	13.573137248346542	5.142174875488664	21.883793773267229	13.546163970341446	5.000320537875660
-23.047171062018418	14.079428958755818	2.699502637642671	-23.046928823483928	14.079030517868494	2.700739596002685	-23.031406085996633	14.076726368999593	2.724862048655439	-23.031174044500325	14.076323916390814	2.726045026132640
-13.743640983593341	13.834534678030639	6.191779319369901	-13.721669922757222	13.722361263488509	6.072557235380005	-13.751449190643946	13.866683634749334	6.203880744112220	-13.730172412469447	13.751667049114465	6.081824805883345
-5.203207657136232	13.267757789833594	5.359770999685725	-5.202093648551590	13.270403577925803	5.357989648742302	-5.230244252131152	13.271555436657824	5.338412014702414	-5.229127100337806	13.274188154000734	5.336656481967425
5.800674102276936	15.024030237300904	4.381672799803720	5.676147718458335	14.857833421367390	4.240004473749693	5.806625956553424	14.996263520732166	4.359579524215205	5.681246634270581	14.831500574278593	4.218808626288581
20.788626783592274	20.567225048391858	3.987459143039733	20.786414410604852	20.571132966827328	3.985692787801355	20.836122705297711	20.565156128463030	3.980288915090349	20.833858047389093	20.569250186700526	3.978514180089915
-25.512947264613210	21.870390720516649	6.442727057890908	-25.320334124377098	21.841282029210031	6.360376610261155	-25.494139065019116	21.879943237306044	6.456110757614518	-25.304855324561938	21.851361184730475	6.370774401897315
-14.189259395323019	23.188067364466889	2.200927596359228	-14.192637659725330	23.187663320855176	2.200050288083312	-14.179770171191013	23.188674161386334	2.164117671208389	-14.183121218032207	23.188287828830202	2.163296753615266
-6.900667415422505	22.502266205823535	3.738015782732671	-6.797003284725222	22.573721515550943	3.542260175527733	-6.883387526320202	22.515417423488000	3.724963377498002	-6.779951353939276	22.585429516440716	3.527869479721680
3.356795124967160	24.092039488588572	4.553595037984167	3.355351854179060	24.089785552350381	4.555156591443085	3.381000399622573	24.080596778951257	4.537058672976447	3.379435708949648	24.078514380201764	4.538568281122026
11.320164621677483	22.736770289134462	5.241342696486100	11.353366696409518	22.846822666762737	4.992734618864036	11.301604544646690	22.761629434331788	5.232537521499945	11.326053709431509	22.875767179347008	4.985032996340895
-26.002483736478990	-21.669142370995640	5.245329415278124	-26.001375557918571	-21.669559192153539	5.245231537758672	-25.935151252177569	-21.709183877029364	5.233926379617056	-25.934152809245539	-21.709557453926205	5.233822675632586
-16.285079100967327	-22.983491013318982	5.462585646405429	-16.187648863754617	-22.780727240021989	5.295902857932024	-16.251154456409200	-22.979446519891471	5.455311567110151	-16.160295093166479	-22.776310161111684	5.289196398903601
-5.733481473376335	-22.683828800023793	1.345293487775307	-5.735063840394676	-22.683743894810348	1.346474084792707	-5.697197211058961	-22.688040740181869	1.348577364309985	-5.698879574777080	-22.687944563598712	1.349764230679064
2.120099948681507	-22.302842754241517	2.855689984242606	2.241570056071967	-22.390048898144698	2.824977891580530	2.089949071448864	-22.260041016555640	2.858623270834545	2.213493180296102	-22.352951484819339	2.823009570085536
11.004625049863366	-21.790384651585100	2.103884929022055	11.003575776166006	-21.791649900656569	2.106111037094956	10.961274767649321	-21.810716669679632	2.124062945319847	10.960253939445915	-21.811927741178017	2.126246094094778
19.461903153998538	-24.131009465939318	5.934982908064548	19.808879472416816	-23.979867311788869	5.782892952710877	19.448284147006838	-24.143006693112241	5.946781927164440	19.799445256611836	-23.995869753673119	5.794561787977290
-15.784802064966129	-14.959832116034061	5.305777443287246	-15.784755639673548	-14.957353657801587	5.304538283802648	-15.770067502047866	-14.944301676519192	5.287216508292326	-15.770046870682378	-14.941847743790300	5.285984553833202
-5.008967879799624	-13.929838618690576	3.552932646440038	-4.901296386771583	-13.936214883500222	3.565722141351938	-5.036988542515346	-13.930715711513940	3.569085919143424	-4.930297867517038	-13.934192813237782	3.582600101206635
3.340817799532144	-12.654386485417598	3.603609467962008	3.341662061923560	-12.657165851538043	3.602558401561307	3.317002384582736	-12.610007709865249	3.601903271002620	3.317819485697920	-12.612857054952816	3.600836680577433
14.167578785995875	-14.472770676298603	3.236629212591639	14.084172713538088	-14.506435670939167	3.277463256005050	14.182464969485730	-14.503959355267900	3.263109587079847	14.101318135542552	-14.532956495692792	3.300667784167462
21.411874206324796	-14.178070105133630	5.398075946913315	21.411576968707788	-14.178867157228234	5.397638978170106	21.404059492945830	-14.190807261314434	5.389871057712364	21.403902978269247	-14.191601081620144	5.389521097508082
-25.257003561692045	-12.895621024862363	4.007756156231396	-25.160726349122228	-13.051368634437086	3.957903251766834	-25.262988755635899	-12.872125811798652	3.989684422115142	-25.166511140666668	-13.023766138549639	3.934830296426681
-5.527921366376125	-4.320338725796650	3.194421751212386	-5.524392009276183	-4.320752679343664	3.193950268715314	-5.555890831872635	-4.350034781475326	3.166256253237286	-5.552339456057918	-4.350461750887838	3.165888888257791
4.333631806348973	-5.382006259047150	5.464963635250273	4.424345500939310	-5.408173063893311	5.338770416352289	4.309680389621774	-5.358360035240481	5.467226154515018	4.401424972981078	-5.387961856903360	5.342238158645382
12.169134574231148	-5.517346615372436	3.748629518445127	12.169608662588454	-5.517150466738974	3.750259620710938	12.179942700830797	-5.509286311944210	3.739467899142477	12.180294393983822	-5.509113229020211	3.741161734292849
20.332880683346605	-3.495773059728619	4.720321338623608	20.444172844033115	-3.365735877381766	4.627843393568636	20.299417695491332	-3.454059081622331	4.723936057465624	20.410224251890252	-3.327609007961932	4.627624592912432
-22.732285671349366	-5.028775019551502	3.911792052108112	-22.732224732641921	-5.027788072498839	3.909632998443071	-22.725923358784769	-5.029080819528118	3.883108767052795	-22.725848281075361	-5.028069939162293	3.881058717411823
-12.814069709978016	-3.731392958756796	4.130604553786871	-12.844901365565704	-3.748498073661200	4.258962850554007	-12.820508016711045	-3.739666540729288	4.171457566278789	-12.853480010663359	-3.756178970784858	4.294300815350170
4.202176097199013	4.696341843218601	5.700706833527066	4.201624551065603	4.696027774567890	5.700234719435505	4.216555317595313	4.713264492433410	5.662902079446589	4.215980911832946	4.712957306821421	5.662538848936109
12.600109271595795	6.918668044425036	5.425709402053425	12.784326704099998	6.815053429731816	5.248790022777381	12.576557885106249	6.934343197334290	5.417930805688201	12.761432776898813	6.828996483012523	5.238146413240295
20.938949266679352	4.404883318704495	5.323563417683351	20.939601050472103	4.406287583433784	5.322533672534328	20.925814840417271	4.402412749588507	5.281819112960103	20.926477324378030	4.403960759548108	5.280838886565167
-22.873291796960970	3.677113620893817	3.954704064899693	-22.864863601181959	3.643863622499623	3.912627118521769	-22.904639027833777	3.695260381907759	3.946046073030306	-22.892710559539452	3.663921128745235	3.903499012110424
-14.039866698225506	4.388128717857267	6.423136188138436	-14.039883139697723	4.389434842392384	6.421873306018949	-14.052506968008213	4.378642334636888	6.416282771035552	-14.052519735470927	4.379995757949983	6.414994924231420
-5.095404856818040	5.668457027077481	6.728140686139525	-5.133114986012993	5.765092436732361	6.742621016581332	-5.087167499590468	5.669870613814181	6.723228561244627	-5.127230927971657	5.769728280010323	6.736186148712107
13.792347006330266	22.304471059776301	15.116588518209618	13.790297787033241	22.304481850644436	15.118350039318914	13.786517284802112	22.298151027626211	15.143128465539345	13.784593348656708	22.298188203594929	15.144811683831085
20.708625934858098	21.496181459016984	12.705146712211484	20.698008758900688	21.501899403764387	12.883429921830928	20.737613211794901	21.489149773374660	12.724184368049542	20.725817351541153	21.492398237058996	12.904606850721150
-20.495485328590224	21.871682443422298	12.244452954568493	-20.494982490779535	21.871730266422485	12.246231535080456	-20.504136984329346	21.868134468581555	12.236942521469322	-20.503540723481475	21.868207217950626	12.238803104174707
-12.387325931116429	22.908297587613443	11.122294353533464	-12.446073480614871	22.916826097892887	11.334718918764434	-12.383327351692047	22.901721328512437	11.084435985798484	-12.440990933438369	22.912652353961004	11.299545511629153
-4.114846865272868	20.700979904542539	12.640567110560331	-4.113756864155646	20.703935210103509	12.639567809682024	-4.123504841852121	20.695622792919959	12.624102714221078	-4.122407130154024	20.698581549290090	12.623100057515767
6.255614034037676	20.824008728341337	13.484305769759658	6.117607922729013	20.918785395973476	13.607629924440941	6.244321078596883	20.824366385774145	13.482891552431740	6.110040963389689	20.919746228201173	13.607957975703814
23.691307050130604	-26.001323719959103	14.363929734565209	23.693790077345351	-25.998921096600469	14.361756880673193	23.719813462044851	-25.972526018042338	14.332845877650669	23.722200641367181	-25.970175473299118	14.330717172362460
-21.260054291614630	-22.931933468681471	14.645794839686038	-21.374785843799430	-22.858737113207738	14.631841246993817	-21.274098048441427	-22.956955203936481	14.652249216702595	-21.388152065224830	-22.883107650084710	14.636100021713657
-11.228520311787973	-21.362330316813683	12.243442473283043	-11.228410190864855	-21.366981803681277	12.242933452738695	-11.199601838790736	-21.375265572032767	12.221775703278695	-11.199479347506866	-21.379926695909806	12.221280111116165
-3.408699995137582	-22.260168729680640	13.315567103868990	-3.429566174207111	-22.172155832038918	13.380070907013586	-3.377790955351846	-22.295199733541160	13.316001605913845	-3.400870639935910	-22.205746364608167	13.379358855529144
4.368211143107039	-22.402775830899937	13.470062669833887	4.370225436213897	-22.403431223791753	13.468814667563112	4.413661612497056	-22.410702915121142	13.493997065949481	4.415630495205757	-22.411351386880710	13.492759152777493
14.291804525858410	-22.952063413394104	13.416778927824486	14.102942468022402	-22.954667577670168	13.683088751401936	14.311955299754924	-22.922839952553797	13.408104578226308	14.118463084760858	-22.927681903172594	13.677077422647482
-22.782559314761443	-15.006235130260050	13.076298913554700	-22.783344935076236	-15.006098050591689	13.075535492139100	-22.753608725156621	-14.989012742963659	13.115510753425962	-22.754375585146473	-14.988908812679044	13.114678965099937
-13.246223660383206	-14.686129629260732	13.424776425284751	-13.244196918733103	-14.701251742450482	13.386835485857597	-13.200422235830944	-14.697333604808669	13.401367630982222	-13.202813125079139	-14.713127758417214	13.364896710471186
-3.885241773067804	-14.473897109209073	13.722703741608331	-3.887207958463387	-14.471445441083825	13.721652915200025	-3.876340015138017	-14.447372649978304	13.711176972012954	-3.878329603234199	-14.445081594040767	13.710123914132506
3.900093040774772	-13.021970126162698	13.001604627027945	4.008540469452905	-13.143450598670457	13.013393966976302	3.895879610481049	-13.047624693885956	13.018683955596654	4.004536582679235	-13.164557393076100	13.029135328600979
12.131837920889549	-13.819910489609601	12.135747727368644	12.130698653658277	-13.820217551415730	12.135850307141874	12.148522720877098	-13.799401916423760	12.140775528318098	12.147267237156433	-13.799712462139604	12.140871761908652
19.679416280867098	-12.318433836639734	12.879140975807038	19.743148728711290	-12.319319158214491	12.914192353356421	19.661858007795320	-12.288967956559715	12.893409592926085	19.726758225438275	-12.288585899873279	12.926825841822261
-13.430028863644402	-4.521450938736791	12.337788210664643	-13.428722126949090	-4.526401420067815	12.338325176793330	-13.443919615528880	-4.504456818917888	12.325286918389383	-13.442551881139114	-4.509606744393783	12.325873241392776
-4.613186267745291	-3.304968115519456	11.105780809707547	-4.634149905857323	-3.296940266536893	11.297246728479580	-4.627023442569074	-3.277854085558400	11.106987437959617	-4.646343408905594	-3.271861488163300	11.299501501848209
4.095599282425663	-1.943034168121859	13.576188973580978	4.095246656175337	-1.943723235731375	13.577071270780726	4.090254205489920	-1.960836376725393	13.571831844660704	4.089903477926248	-1.961493426923210	13.572726100227495
12.878712204003197	-3.331576565080490	11.723561954024413	12.899863697431170	-3.242387617573482	11.928306714951706	12.879615421594908	-3.321521269546784	11.724523526115824	12.897831777381869	-3.235423913700562	11.929165591094776
22.458199000923813	-2.216084062863282	13.585508109715658	22.457530341386995	-2.218142639556227	13.585021410372793	22.482818759749602	-2.266775722567743	13.617548758686414	22.482165715057942	-2.268745115869829	13.616992091009422
-22.257358496023553	-6.986251274504453	11.085589249606253	-22.284563173126550	-6.891659184918042	11.207446313973936	-22.245961811282996	-6.967535142431570	11.082771420964983	-22.274153337558740	-6.875095138457802	11.203937642537875
-6.504328627587261	4.484705825952740	14.171058574051171	-6.505544993478431	4.484910380309445	14.172370322358242	-6.504442463821619	4.512510094035131	14.133644763900209	-6.505653002299315	4.512709151956047	14.135146759713837
5.836881244885065	6.572339312229444	13.952179662763699	5.724717409810570	6.431618396523532	13.919551576229400	5.873254412832385	6.564754179200411	13.976500347285672	5.757076265087519	6.427644281733197	13.945879125530821
14.300703147315135	4.775087174014328	14.963126992205167	14.301614136508370	4.772938899508544	14.960765624283743	14.334103264097550	4.791029047331963	14.977384441287688	14.335024790987736	4.788708317082129	14.975069832539672
23.726718150784816	6.026226694874211	12.955976101299424	23.680788439176748	5.720767712880018	13.083120694509418	23.730978183951443	6.009594280226137	12.945999832125397	23.683786732237014	5.712838786406514	13.074292487567961
-24.139198909563088	1.291774712231200	14.548390022586174	-24.137284822405618	1.290576661675201	14.549087458672151	-24.122927519534926	1.311566171347646	14.549339620626050	-24.121021844520449	1.310371580257899	14.550038327378923
-15.743150444391745	2.018570949487662	14.063705053635413	-15.682553138569489	2.021949324924022	13.992849206729499	-15.728420022589342	1.996899645256572	14.048870449937406	-15.671599091743193	2.007504309281594	13.978094130962916
2.924509048858856	13.177530902347117	15.842049665994201	2.924691348028182	13.179080704077293	15.839636232498606	2.928549740998383	13.134112135479793	15.859906183809541	2.928695677926754	13.135762507394062	15.857611826112098
14.985573457678736	12.440837981221902	16.102876430581322	15.123722573607585	12.314800563054806	16.086270535446911	14.941871417048276	12.415879590945430	16.091893876187008	15.083064950289199	12.293530672675512	16.077036560397655
23.691857281568190	12.728170829947357	14.395871170975413	23.691856147338491	12.732775424746803	14.396871446565845	23.659780170252496	12.753988590286792	14.343551837773003	23.659811456247407	12.758441718643182	14.344520264126592
-21.674557808062470	13.748577736130231	15.559359527346219	-21.731483364239502	13.787559361061115	15.648362603291220	-21.664870348667890	13.779311699748066	15.545045625756563	-21.718180054753017	13.816664741269046	15.632245111223412
-12.018777577445045	13.306086015375449	15.897606886542766	-12.020887530497705	13.305938390925970	15.895132324974497	-12.039699496248524	13.298925129550167	15.916133227409645	-12.041743846826346	13.298771363259711	15.913620482377775
-4.445853620722136	13.185984514678795	13.908705377252872	-4.510075948140173	13.329879078860944	13.877735294610702	-4.445145694647491	13.191723702768545	13.909684540647259	-4.509820593651620	13.331849659385959	13.879459356593072
14.611674244866334	-23.271115899763249	21.419623494662471	14.612345279961811	-23.271653815555183	21.422198399320234	14.626232145330802	-23.306508231983223	21.408529998591103	14.626881488397320	-23.307073901468318	21.411101132869796
23.177391966475248	-22.305911770544732	20.633584603919914	23.071067902784087	-22.332390960080918	20.679820150967259	23.190867331831228	-22.261995470716055	20.623883618854723	23.082515879405793	-22.287675033889986	20.669321322406333
-20.610764386916898	-23.579485624112102	21.797675637532787	-20.609944022498194	-23.577632972902784	21.802249373730131	-20.576984818521023	-23.564198106966032	21.812569565491646	-20.576172224545278	-23.562396792913578	21.817070718793328
-11.264346096136196	-21.462435846601775	22.615625539882409	-11.326150249438150	-21.525088662718698	22.701321374130504	-11.280602369311032	-21.464002984229246	22.621765003398970	-11.343041727413908	-21.529026795645898	22.707289545625276
-3.967499808658954	-22.768953102221300	21.849187240579905	-3.964410451302847	-22.765434857843850	21.850250110666671	-3.992522151463573	-22.779709888299905	21.849743097229279	-3.989428894307842	-22.776037563324479	21.850847189504183
6.560799331290499	-21.533217887121786	21.460235843342005	6.527796891123057	-21.680086943504033	21.578147756849251	6.559942852044225	-21.540174012725103	21.503933698494940	6.530547079386546	-21.687408201828227	21.618514020629807
22.331588701093889	-13.378319918992597	20.978298742973255	22.331456964460642	-13.377705280623676	20.978263741131091	22.315173708740623	-13.381969311366005	21.008612785863729	22.315086168503314	-13.381317315179347	21.008509704417040
-22.734996095330217	-14.067344123976564	21.717219956407742	-22.660733189910751	-13.990747147019984	21.627465135626473	-22.711492528533828	-14.051823595251031	21.706506507124644	-22.633001220829623	-13.976279666116135	21.616075761767046
-13.962143521208976	-14.109143649822787	21.814031261534723	-13.962050021705398	-14.107383083654856	21.815041922370817	-13.987025538399754	-14.106353010755573	21.827176856829073	-13.986870962240909	-14.104612327345745	21.828141009395861
-2.251060046783709	-13.575711123314525	21.921215047919649	-2.406533999509713	-13.584760289079881	21.835479039512474	-2.259723550177430	-13.590527263034186	21.921128588663571	-2.414591374739245	-13.600913053699957	21.835213636816949
5.238905747503294	-12.239329836176546	21.776952217246741	5.240620961082012	-12.238836942784816	21.775919460779683	5.265749545846951	-12.273951330361943	21.768106395843475	5.267349481039042	-12.273465287944841	21.767115217521983
13.373962530744206	-12.049197126304101	22.982713553197655	13.405011926898023	-11.955121974833297	23.048300126112299	13.387407437067802	-12.076613494037025	22.933273750002005	13.418183658186067	-11.979556195517599	23.005673118628099
-21.814107972158801	-5.982770071898015	21.519898164094844	-21.814377309050030	-5.980709860451576	21.517591265216275	-21.810831901389818	-5.953680380208258	21.550280171190373	-21.811120746289546	-5.951633710174407	21.547922035192862
-12.726897093979316	-4.857232140333520	22.263595454065626	-12.710144863144603	-4.859258524578729	22.211132479017728	-12.738832802180422	-4.849853058525835	22.249410819061666	-12.723921199972207	-4.851393555035128	22.200995295347443
-5.099615746451710	-3.879688852544032	21.173243330144707	-5.097299981041436	-3.881220494435843	21.172169452539816	-5.092873854792569	-3.836572194899803	21.167839182596946	-5.090634061279028	-3.838219941792134	21.166798297561929
4.775088315055188	-2.466026883068467	23.834276581074704	4.766427435620693	-2.537477517748970	23.757162486229159	4.765217251642115	-2.498935081074233	23.821685704597801	4.757427661596779	-2.570414483295825	23.747100014256922
14.789866364533996	-3.902588523476410	20.921267691167323	14.789688935263589	-3.902484304105849	20.921224750004381	14.768733070269668	-3.881929025347019	20.944448524154311	14.768565159505821	-3.881856835795984	20.944413759488757
23.584400327053313	-2.532828255338079	22.260951731305099	23.496159058860730	-2.577445731425108	22.081846765373324	23.591210711266996	-2.547315021171683	22.247441999088252	23.502835708384112	-2.590087385182876	22.072137992535037
-14.159923437393287	3.611834649670185	24.645387756784721	-14.158570082000386	3.611842540975939	24.644735899029264	-14.173966035964398	3.605600486458536	24.647059126157920	-14.172575921153310	3.605612358224576	24.646433167370816
-3.943948258125564	4.184404620000470	21.796776043173821	-4.133562290443662	4.086049283472192	21.753547714397282	-3.958449240271922	4.181229103030957	21.806360767782436	-4.147185477244390	4.080525693386676	21.762907205517710
5.112061573298496	6.965943573504611	23.803635318412116	5.111910886449030	6.962765133763837	23.801709324965664	5.140264615508109	6.998959977567949	23.828365683252091	5.140107220998216	6.995563975175732	23.826391658537261
12.699575984057207	4.456918423855115	22.496389602488197	12.835148797248360	4.445737405670465	22.598100059661583	12.676244546375065	4.461316510975988	22.525599241334099	12.814224445561960	4.448965394896185	22.628612127420059
23.011735019207453	5.442195679001151	22.558213292144600	23.010897683242366	5.443271266225105	22.557201695164682	22.992974128391687	5.442879762642648	22.587561220250684	22.992178334285271	5.443871277446473	22.586471833257271
-22.296506929482188	4.731797431304932	23.430063598452151	-22.213203275965135	4.625003893964826	23.463143683629635	-22.281511353137269	4.738353310339792	23.417411623670922	-22.198439657721625	4.630220241340285	23.452700646044036
-4.882343589210232	17.313667413997756	26.799267779006701	-4.881770727812579	17.315166685133416	26.796590233027864	-4.909024423771835	17.333285137202211	26.824429623149040	-4.908461197010007	17.334864414561252	26.821708339523344
4.675616012358411	14.122317679408548	22.884534801706881	4.606796197397266	14.022016848017548	22.895609604257981	4.677551690654277	14.103779428883417	22.928326463362652	4.612873023932965	14.008071735411759	22.936010934261787
14.117416130291108	11.820720616083213	24.497288876137535	14.114848568776429	11.820908698268740	24.498943694802168	14.099668453402204	11.846327821793466	24.450863697806092	14.097052148118054	11.846473049824063	24.452534047337757
21.519959972220228	13.345571936979104	25.418021103501573	21.537323688420852	13.264220687827349	25.319558152294459	21.488684068379630	13.327743091358066	25.381905134004800	21.509387298535014	13.245613667864978	25.283276679726608
-20.931766896395228	13.317178016608572	23.303722067001285	-20.931759548942136	13.317231566048289	23.304243457692429	-20.915463193575892	13.293822510777142	23.307025997986241	-20.915464259948536	13.293894659416171	23.307453680090983
-12.336292108034373	13.314825375920810	23.400963189491165	-12.407601474423819	13.371050367118380	23.415791733246966	-12.324378309389697	13.315034208460064	23.416563487021090	-12.396872086057749	13.372263097871098	23.429971944897947
3.806736602421543	23.330686024397320	23.921066421815269	3.807856753040681	23.331071325639456	23.920202691766377	3.829870610497129	23.304864173274183	23.929053168685641	3.830912797440038	23.305263352229023	23.928123407679060
14.170379497269442	19.755635524435323	24.443451834225975	14.121990056774534	19.972857668784432	24.509490812976114	14.169506189001916	19.753441437955203	24.424572186383976	14.118971007910547	19.972179711673299	24.484944524405272
23.176974305121202	20.303083665176260	23.508838486201785	23.177537725560086	20.304829499782695	23.504016997334190	23.166506034986487	20.273167712882536	23.458608405978161	23.167099102707432	20.274999413102694	23.453982985485212
-21.986185045169425	22.444620419660843	21.368160955112280	-21.911537078154453	22.526653394471573	21.541822370315366	-21.996059101294673	22.437762677168198	21.399640637234629	-21.919972156627285	22.520556917235719	21.571215035586391
-12.055436072771819	24.204949678901450	22.424298630374828	-12.056981515291241	24.203293242746131	22.423769718990602	-12.017220812068322	24.206453706432164	22.398275288765447	-12.018830111089661	24.204757786208805	22.397794537868965
-3.851324006549177	23.886572926015621	20.700227717494940	-3.884511352687891	23.821228698677075	20.864024548103476	-3.849937567573231	23.918093885221779	20.667577038843959	-3.888829543337740	23.848297057233740	20.836505634303705
13.875508141980967	-13.270800645727222	-23.420835960616571	13.874959572339327	-13.270927075573711	-23.419405853494446	13.881962411680256	-13.269950413432429	-23.462348006368579	13.881446024796229	-13.270062003226816	-23.460757710733269
22.835900795854524	-14.240937147069802	-24.236062908318516	22.799268102712777	-14.161865286947643	-24.105264917674511	22.871720988740382	-14.286730485732742	-24.259000601072760	22.833104405152561	-14.206885997942820	-24.129550908521448
-21.594262435186714	-14.424691757509542	-22.653615358025004	-21.594824588749361	-14.427776816120884	-22.652795829246603	-21.641798013271060	-14.408524586974211	-22.646904784463306	-21.642311299317221	-14.411598836651047	-22.646072787888297

Average Thermodynamics Variables of the simulation:
<E> = -4.6110e-10	∆E/<E> = 4.3874e-08	<K> = 7.2731e-11	<U> = -5.3383e-10	100<Up>/<U> = 3.7855e+00	<T> = 1.6335e+03	<P> = 4.2471e+09
