216	53.761087743852237
-13.440271935962992	-13.440271935962999	-22.400453226605016	-13.440271935962992	-13.440271935962999	-22.400453226605016	-13.430859768382337	-13.384763281265748	-22.357622531175121	-13.440587025597781	-13.389948547268215	-22.358712245645620
-4.480090645320953	-13.440271935962999	-22.400453226605016	-4.480090645320953	-13.440271935962999	-22.400453226605016	-4.468197056404513	-13.472913845525667	-22.363296122652656	-4.468198155014985	-13.472901021369530	-22.363350338936840
4.480090645321084	-13.440271935962999	-22.400453226605016	4.480090645321084	-13.440271935962999	-22.400453226605016	4.487591647354574	-13.412550435702496	-22.456594013354117	4.489965407367388	-13.411656875278883	-22.451741312301522
22.400453226605165	-4.480090645320960	-22.400453226605016	22.400453226605165	-4.480090645320960	-22.400453226605016	22.416420417371011	-4.485700410129600	-22.404670069740934	22.416444992052732	-4.485665926111010	-22.404713650230899
-22.400453226605030	-4.480090645320960	-22.400453226605016	-22.400453226605030	-4.480090645320960	-22.400453226605016	-22.393226997960969	-4.534285049420475	-22.410130709553055	-22.390365863807403	-4.529445644265136	-22.417452403055307
-13.440271935962992	-4.480090645320960	-22.400453226605016	-13.440271935962992	-4.480090645320960	-22.400453226605016	-13.476922390592106	-4.491927962965084	-22.449439143466851	-13.476859127403406	-4.491843020839561	-22.449364461122101
-4.480090645320953	-4.480090645320960	-22.400453226605016	-4.480090645320953	-4.480090645320960	-22.400453226605016	-4.478202756059152	-4.528198838773607	-22.419149917459620	-4.477463774092749	-4.525268252433027	-22.418688721333627
4.480090645321084	-4.480090645320960	-22.400453226605016	4.480090645321084	-4.480090645320960	-22.400453226605016	4.442243404897242	-4.522122706504150	-22.353981830821933	4.442341979470754	-4.522062420052404	-22.354068628827374
13.440271935963125	-4.480090645320960	-22.400453226605016	13.440271935963125	-4.480090645320960	-22.400453226605016	13.490496174930730	-4.423543624399289	-22.372343417072120	13.490576372465783	-4.424259426182209	-22.375781102592132
-22.400453226605030	4.480090645321077	-22.400453226605016	-22.400453226605030	4.480090645321077	-22.400453226605016	-22.413935692982264	4.491847354531457	-22.454301758604000	-22.413903613073810	4.491789954145525	-22.454209210235550
-13.440271935962992	4.480090645321077	-22.400453226605016	-13.440271935962992	4.480090645321077	-22.400453226605016	-13.458017240875449	4.499483159983269	-22.415902766938345	-13.457290263525568	4.499001205208659	-22.415171896770094
-4.480090645320953	4.480090645321077	-22.400453226605016	-4.480090645320953	4.480090645321077	-22.400453226605016	-4.466914828543995	4.523893995384621	-22.413102454525234	-4.466969105145258	4.523833865292257	-22.413058742898148
4.480090645321084	4.480090645321077	-22.400453226605016	4.480090645321084	4.480090645321077	-22.400453226605016	4.459354391456411	4.441178275655381	-22.405369044291195	4.454335183378319	4.447424736377570	-22.400725220553380
13.440271935963125	4.480090645321077	-22.400453226605016	13.440271935963125	4.480090645321077	-22.400453226605016	13.480858272400468	4.488576866113799	-22.405151360262849	13.480801916217095	4.488578620655821	-22.405114783902963
22.400453226605165	4.480090645321077	-22.400453226605016	22.400453226605165	4.480090645321077	-22.400453226605016	22.429196480422089	4.480474809951128	-22.352295394132025	22.430806916366279	4.478360248934552	-22.355356520080477
-13.440271935962992	13.440271935963118	-22.400453226605016	-13.440271935962992	13.440271935963118	-22.400453226605016	-13.390871565838266	13.440666376477877	-22.383743487626319	-13.390991185223418	13.440659204242843	-22.383730803836503
-4.480090645320953	13.440271935963118	-22.400453226605016	-4.480090645320953	13.440271935963118	-22.400453226605016	-4.522094675654492	13.484015440057226	-22.426588697611592	-4.520828851590610	13.476311333490990	-22.422022489200483
4.480090645321084	13.440271935963118	-22.400453226605016	4.480090645321084	13.440271935963118	-22.400453226605016	4.496746118713085	13.451810085286537	-22.381987807667290	4.496715088577989	13.451755999571995	-22.382065300466053
13.440271935963125	13.440271935963118	-22.400453226605016	13.440271935963125	13.440271935963118	-22.400453226605016	13.467976778098016	13.398536845955258	-22.450967275252886	13.466951049011657	13.403736741412327	-22.452248145650195
22.400453226605165	13.440271935963118	-22.400453226605016	22.400453226605165	13.440271935963118	-22.400453226605016	22.364002323817342	13.419235384948941	-22.369984679436261	22.364061805478716	13.419296527708617	-22.370062525969342
-22.400453226605030	13.440271935963118	-22.400453226605016	-22.400453226605030	13.440271935963118	-22.400453226605016	-22.414708229484571	13.441858128746437	-22.441482162469850	-22.415359912877381	13.443172023424836	-22.440962917132630
-4.480090645320953	22.400453226605158	-22.400453226605016	-4.480090645320953	22.400453226605158	-22.400453226605016	-4.440983551033472	22.389754915351265	-22.382079694542472	-4.441054816778194	22.389816520916135	-22.382127042966630
4.480090645321084	22.400453226605158	-22.400453226605016	4.480090645321084	22.400453226605158	-22.400453226605016	4.437919891616939	22.399800630917614	-22.418860499116438	4.437028972482501	22.394303487989088	-22.418193267709249
13.440271935963125	22.400453226605158	-22.400453226605016	13.440271935963125	22.400453226605158	-22.400453226605016	13.457660923511764	22.347318310266353	-22.422663139304717	13.457576514784257	22.347368698457174	-22.422688001257761
22.400453226605165	22.400453226605158	-22.400453226605016	22.400453226605165	22.400453226605158	-22.400453226605016	22.368621899015860	22.432434046709027	-22.385559769870891	22.369091029891592	22.435579732721258	-22.390959225141366
-22.400453226605030	22.400453226605158	-22.400453226605016	-22.400453226605030	22.400453226605158	-22.400453226605016	-22.454754849569937	22.373746334358962	-22.439719166666453	-22.454687289572071	22.373748912008018	-22.439640455848739
-13.440271935962992	22.400453226605158	-22.400453226605016	-13.440271935962992	22.400453226605158	-22.400453226605016	-13.416175979514982	22.375371796503757	-22.351501413590807	-13.418137632127516	22.376220060705933	-22.356156816492362
4.480090645321084	-22.400453226605038	-22.400453226605016	4.480090645321084	-22.400453226605038	-22.400453226605016	4.444969492841129	-22.396905416825966	-22.382436702745533	4.444963822099261	-22.396887692696641	-22.382381870454672
13.440271935963125	-22.400453226605038	-22.400453226605016	13.440271935963125	-22.400453226605038	-22.400453226605016	13.396339544940872	-22.387342450200158	-22.347324305386604	13.395488028264374	-22.388098893809271	-22.353918843603651
22.400453226605165	-22.400453226605038	-22.400453226605016	22.400453226605165	-22.400453226605038	-22.400453226605016	22.446392948579966	-22.454141503862829	-22.426867581061291	22.446315539326175	-22.453999457584523	-22.426852772864333
-22.400453226605030	-22.400453226605038	-22.400453226605016	-22.400453226605030	-22.400453226605038	-22.400453226605016	-22.382114219151603	-22.447355657197143	-22.433550365776711	-22.383097088794059	-22.445502313194673	-22.435155653841139
-13.440271935962992	-22.400453226605038	-22.400453226605016	-13.440271935962992	-22.400453226605038	-22.400453226605016	-13.469779571376389	-22.397130582065813	-22.359516325622543	-13.469756992206840	-22.397102648729469	-22.359644038612483
-4.480090645320953	-22.400453226605038	-22.400453226605016	-4.480090645320953	-22.400453226605038	-22.400453226605016	-4.512612814375315	-22.389861153699187	-22.457848245407238	-4.508878135377667	-22.386948187569608	-22.453443159285232
13.440271935963125	-4.480090645320960	-13.440271935962977	13.440271935963125	-4.480090645320960	-13.440271935962977	13.411668915692257	-4.428717402400167	-13.416864539083290	13.411743196466118	-4.428713977977271	-13.416860301334557
22.400453226605165	-4.480090645320960	-13.440271935962977	22.400453226605165	-4.480090645320960	-13.440271935962977	22.453561149711707	-4.502313623614016	-13.453120057611503	22.459554326240358	-4.495749535781430	-13.448698974812091
-22.400453226605030	-4.480090645320960	-13.440271935962977	-22.400453226605030	-4.480090645320960	-13.440271935962977	-22.441299256973604	-4.446538396706597	-13.386851213468239	-22.441164849257547	-4.446514143803284	-13.386929310589309
-13.440271935962992	-4.480090645320960	-13.440271935962977	-13.440271935962992	-4.480090645320960	-13.440271935962977	-13.415716933023045	-4.528543273149344	-13.412595079885348	-13.414660389084695	-4.522452605375642	-13.409673989048770
-4.480090645320953	-4.480090645320960	-13.440271935962977	-4.480090645320953	-4.480090645320960	-13.440271935962977	-4.482553283325334	-4.428138283373269	-13.393109745378363	-4.482530708807569	-4.428258136658794	-13.393158093706109
4.480090645321084	-4.480090645320960	-13.440271935962977	4.480090645321084	-4.480090645320960	-13.440271935962977	4.476379161702307	-4.502257975841236	-13.438859773674714	4.478564170993191	-4.500572759156930	-13.441015445094191
22.400453226605165	4.480090645321077	-13.440271935962977	22.400453226605165	4.480090645321077	-13.440271935962977	22.413419060565445	4.431019791024733	-13.455419666900006	22.413439038711992	4.431069251894105	-13.455360278447886
-22.400453226605030	4.480090645321077	-13.440271935962977	-22.400453226605030	4.480090645321077	-13.440271935962977	-22.391853517482176	4.532160070897764	-13.392977803058548	-22.391353652834539	4.522754442609632	-13.390961199167183
-13.440271935962992	4.480090645321077	-13.440271935962977	-13.440271935962992	4.480090645321077	-13.440271935962977	-13.460124529753235	4.426658283831371	-13.478533401674717	-13.460075567994199	4.426656931801193	-13.478466893040487
-4.480090645320953	4.480090645321077	-13.440271935962977	-4.480090645320953	4.480090645321077	-13.440271935962977	-4.466339270048834	4.436875812290721	-13.414945363244152	-4.466554623758197	4.434781487582533	-13.417938335347838
4.480090645321084	4.480090645321077	-13.440271935962977	4.480090645321084	4.480090645321077	-13.440271935962977	4.472660742725713	4.432772965519545	-13.414151207950658	4.472722974646230	4.432840002284747	-13.414240716547802
13.440271935963125	4.480090645321077	-13.440271935962977	13.440271935963125	4.480090645321077	-13.440271935962977	13.482698491617178	4.522685319461844	-13.425024087591140	13.479531880032610	4.517246612000083	-13.427264891160201
-22.400453226605030	13.440271935963118	-13.440271935962977	-22.400453226605030	13.440271935963118	-13.440271935962977	-22.410194132620397	13.491246534286516	-13.420640195066456	-22.410180859976141	13.491195134047764	-13.420716776723083
-13.440271935962992	13.440271935963118	-13.440271935962977	-13.440271935962992	13.440271935963118	-13.440271935962977	-13.449682192322175	13.395335354381370	-13.398935912580086	-13.445721938647580	13.399323361089529	-13.398449001688904
-4.480090645320953	13.440271935963118	-13.440271935962977	-4.480090645320953	13.440271935963118	-13.440271935962977	-4.499534964158652	13.419302513206949	-13.449760561143499	-4.499505126750655	13.419302959054557	-13.449795582650548
4.480090645321084	13.440271935963118	-13.440271935962977	4.480090645321084	13.440271935963118	-13.440271935962977	4.480664385306699	13.463289805075695	-13.456912433554738	4.483362079779992	13.465810779355142	-13.459833300276120
13.440271935963125	13.440271935963118	-13.440271935962977	13.440271935963125	13.440271935963118	-13.440271935962977	13.395828996337023	13.431466008450160	-13.401654144274056	13.395881911254477	13.431537266841076	-13.401786146954935
22.400453226605165	13.440271935963118	-13.440271935962977	22.400453226605165	13.440271935963118	-13.440271935962977	22.398048017452112	13.439263302988396	-13.465019518524793	22.400018458972689	13.445566260358287	-13.468832024544126
-13.440271935962992	22.400453226605158	-13.440271935962977	-13.440271935962992	22.400453226605158	-13.440271935962977	-13.407730897690687	22.402055506035396	-13.388773769948608	-13.407757974490153	22.401972539565964	-13.388795488765743
-4.480090645320953	22.400453226605158	-13.440271935962977	-4.480090645320953	22.400453226605158	-13.440271935962977	-4.458186458128480	22.419669583004087	-13.486982284898422	-4.459360920970819	22.420997662897189	-13.488580038434238
4.480090645321084	22.400453226605158	-13.440271935962977	4.480090645321084	22.400453226605158	-13.440271935962977	4.459167209905590	22.365196504300961	-13.470597678534409	4.459220245493401	22.365258020197651	-13.470609209239214
13.440271935963125	22.400453226605158	-13.440271935962977	13.440271935963125	22.400453226605158	-13.440271935962977	13.443457799508085	22.428492690754496	-13.469476624126143	13.445910059364971	22.426027210971412	-13.471257751025123
22.400453226605165	22.400453226605158	-13.440271935962977	22.400453226605165	22.400453226605158	-13.440271935962977	22.344537071403540	22.399385573867530	-13.428923253166175	22.344621593130917	22.399353315081239	-13.428921874098791
-22.400453226605030	22.400453226605158	-13.440271935962977	-22.400453226605030	22.400453226605158	-13.440271935962977	-22.402630234505477	22.378956267048455	-13.417054718424723	-22.404170498797143	22.376930498107257	-13.412950753278315
-4.480090645320953	-22.400453226605038	-13.440271935962977	-4.480090645320953	-22.400453226605038	-13.440271935962977	-4.515258064317865	-22.411479727141494	-13.498962804809400	-4.515199224185328	-22.411455725234696	-13.498904037516851
4.480090645321084	-22.400453226605038	-13.440271935962977	4.480090645321084	-22.400453226605038	-13.440271935962977	4.465658307995320	-22.415663921070728	-13.402403248714039	4.468831263420999	-22.412719989314898	-13.407006407887758
13.440271935963125	-22.400453226605038	-13.440271935962977	13.440271935963125	-22.400453226605038	-13.440271935962977	13.398130576975905	-22.437382342657280	-13.402156923506032	13.398190631722532	-22.437257300591835	-13.402133735222414
22.400453226605165	-22.400453226605038	-13.440271935962977	22.400453226605165	-22.400453226605038	-13.440271935962977	22.401070358320077	-22.431185980088205	-13.416000143179604	22.405819677320768	-22.434953537801434	-13.413873903146863
-22.400453226605030	-22.400453226605038	-13.440271935962977	-22.400453226605030	-22.400453226605038	-13.440271935962977	-22.451471570156059	-22.413936644674401	-13.435274601971246	-22.451379770707419	-22.413907189922895	-13.435320985396009
-13.440271935962992	-22.400453226605038	-13.440271935962977	-13.440271935962992	-22.400453226605038	-13.440271935962977	-13.424311399310797	-22.454718927168727	-13.480637079477354	-13.419584029930421	-22.451838870252534	-13.482220715084281
4.480090645321084	-13.440271935962999	-13.440271935962977	4.480090645321084	-13.440271935962999	-13.440271935962977	4.503138963292747	-13.400432346008010	-13.422537919106905	4.503099896500171	-13.400526356976640	-13.422632752203407
13.440271935963125	-13.440271935962999	-13.440271935962977	13.440271935963125	-13.440271935962999	-13.440271935962977	13.451465730833934	-13.383426086133436	-13.417683077536102	13.444926603693386	-13.384259188101407	-13.411135319590644
22.400453226605165	-13.440271935962999	-13.440271935962977	22.400453226605165	-13.440271935962999	-13.440271935962977	22.441802407793052	-13.412635033106072	-13.409386197386009	22.441701938991503	-13.412722656381794	-13.409440802667614
-22.400453226605030	-13.440271935962999	-13.440271935962977	-22.400453226605030	-13.440271935962999	-13.440271935962977	-22.451136520339293	-13.407910365045373	-13.446314312465732	-22.451104206632763	-13.411359279752848	-13.448216505498323
-13.440271935962992	-13.440271935962999	-13.440271935962977	-13.440271935962992	-13.440271935962999	-13.440271935962977	-13.420445738722682	-13.430905743087166	-13.456798650895784	-13.420531669647877	-13.431006849634191	-13.456724737772330
-4.480090645320953	-13.440271935962999	-13.440271935962977	-4.480090645320953	-13.440271935962999	-13.440271935962977	-4.494110443853995	-13.454135230770158	-13.482459009476386	-4.496670241702211	-13.457553285104337	-13.481594764490394
13.440271935963125	4.480090645321077	-4.480090645320939	13.440271935963125	4.480090645321077	-4.480090645320939	13.483878001579161	4.496302278429558	-4.458857450715113	13.483735293527271	4.496268336288157	-4.458846042012044
22.400453226605165	4.480090645321077	-4.480090645320939	22.400453226605165	4.480090645321077	-4.480090645320939	22.355365519294882	4.488355821315542	-4.483243019863065	22.356212220936033	4.484625161655737	-4.479274285285554
-22.400453226605030	4.480090645321077	-4.480090645320939	-22.400453226605030	4.480090645321077	-4.480090645320939	-22.386177500864598	4.496057615019743	-4.523411494715423	-22.386269586121070	4.496037457694733	-4.523286971306946
-13.440271935962992	4.480090645321077	-4.480090645320939	-13.440271935962992	4.480090645321077	-4.480090645320939	-13.484608930986523	4.493344021522756	-4.429503915135800	-13.482548997279769	4.487930751834392	-4.428643557401444
-4.480090645320953	4.480090645321077	-4.480090645320939	-4.480090645320953	4.480090645321077	-4.480090645320939	-4.455955972409296	4.429574602394135	-4.454018574046620	-4.456057743884735	4.429699109826665	-4.454051228037367
4.480090645321084	4.480090645321077	-4.480090645320939	4.480090645321084	4.480090645321077	-4.480090645320939	4.440290010748439	4.519084909653559	-4.535156647324586	4.436128872265773	4.517901067424233	-4.537323245792066
22.400453226605165	13.440271935963118	-4.480090645320939	22.400453226605165	13.440271935963118	-4.480090645320939	22.447810952719312	13.473423374320697	-4.442878813810978	22.447744346039794	13.473416532578771	-4.442969638621726
-22.400453226605030	13.440271935963118	-4.480090645320939	-22.400453226605030	13.440271935963118	-4.480090645320939	-22.436249927707340	13.425151553714619	-4.485758006848353	-22.441525536693899	13.429056551035496	-4.487927374565877
-13.440271935962992	13.440271935963118	-4.480090645320939	-13.440271935962992	13.440271935963118	-4.480090645320939	-13.430387554073119	13.492793176286582	-4.519679216095482	-13.430462793995373	13.492765712065577	-4.519613959388944
-4.480090645320953	13.440271935963118	-4.480090645320939	-4.480090645320953	13.440271935963118	-4.480090645320939	-4.528503046342045	13.477201407889053	-4.514016006885001	-4.527745004283386	13.479380951471954	-4.514968623810221
4.480090645321084	13.440271935963118	-4.480090645320939	4.480090645321084	13.440271935963118	-4.480090645320939	4.475319009746633	13.427980769252297	-4.533022918579556	4.475314973200740	13.427991906755098	-4.532954158506084
13.440271935963125	13.440271935963118	-4.480090645320939	13.440271935963125	13.440271935963118	-4.480090645320939	13.478788796496616	13.387285774235055	-4.527702342375497	13.476319951870796	13.390080494324494	-4.528151604521344
-22.400453226605030	22.400453226605158	-4.480090645320939	-22.400453226605030	22.400453226605158	-4.480090645320939	-22.388062862636509	22.399921364554121	-4.506796197573586	-22.388168857243191	22.399948653381518	-4.506754115352957
-13.440271935962992	22.400453226605158	-4.480090645320939	-13.440271935962992	22.400453226605158	-4.480090645320939	-13.494657836135811	22.440174277577331	-4.460527054613599	-13.493458732903088	22.438309657825410	-4.469929232657972
-4.480090645320953	22.400453226605158	-4.480090645320939	-4.480090645320953	22.400453226605158	-4.480090645320939	-4.435591133765212	22.457046967099416	-4.452229968986708	-4.435656764036268	22.456990625061241	-4.452266743052226
4.480090645321084	22.400453226605158	-4.480090645320939	4.480090645321084	22.400453226605158	-4.480090645320939	4.520157692237654	22.363145986633402	-4.533940367397076	4.515845096526834	22.358826518076295	-4.531697560889461
13.440271935963125	22.400453226605158	-4.480090645320939	13.440271935963125	22.400453226605158	-4.480090645320939	13.457604560004416	22.364258345844508	-4.436935623876383	13.457566471141483	22.364231730323084	-4.437059559065776
22.400453226605165	22.400453226605158	-4.480090645320939	22.400453226605165	22.400453226605158	-4.480090645320939	22.353717731118142	22.439997027964349	-4.468436950804186	22.353310016209040	22.440245583329073	-4.471011210612729
-13.440271935962992	-22.400453226605038	-4.480090645320939	-13.440271935962992	-22.400453226605038	-4.480090645320939	-13.401054097598429	-22.428188202007906	-4.486939834991285	-13.401054189764622	-22.428091146046253	-4.486969922196869
-4.480090645320953	-22.400453226605038	-4.480090645320939	-4.480090645320953	-22.400453226605038	-4.480090645320939	-4.450823541384040	-22.404073885984598	-4.459709970280081	-4.457886945425593	-22.406378491340085	-4.460868939285567
4.480090645321084	-22.400453226605038	-4.480090645320939	4.480090645321084	-22.400453226605038	-4.480090645320939	4.535234228481599	-22.349054236639255	-4.464272715021429	4.535131940733173	-22.349112874836937	-4.464295890105686
13.440271935963125	-22.400453226605038	-4.480090645320939	13.440271935963125	-22.400453226605038	-4.480090645320939	13.387978350605419	-22.444837531749069	-4.429918548544005	13.389025166732749	-22.435486914398915	-4.431710374865607
22.400453226605165	-22.400453226605038	-4.480090645320939	22.400453226605165	-22.400453226605038	-4.480090645320939	22.354401038993199	-22.450274690842967	-4.480813937646489	22.354453874717773	-22.450198051636185	-4.480770479736044
-22.400453226605030	-22.400453226605038	-4.480090645320939	-22.400453226605030	-22.400453226605038	-4.480090645320939	-22.365205813578029	-22.350172633533617	-4.487693450325965	-22.365458964103553	-22.352018733141065	-4.491661742441408
-4.480090645320953	-13.440271935962999	-4.480090645320939	-4.480090645320953	-13.440271935962999	-4.480090645320939	-4.515710153488108	-13.435771420295241	-4.483370983776664	-4.515705663954371	-13.435761828216284	-4.483396716498498
4.480090645321084	-13.440271935962999	-4.480090645320939	4.480090645321084	-13.440271935962999	-4.480090645320939	4.454474902054977	-13.395488617607164	-4.510497492976843	4.457080780571048	-13.397693651183562	-4.510383514523720
13.440271935963125	-13.440271935962999	-4.480090645320939	13.440271935963125	-13.440271935962999	-4.480090645320939	13.491320492634765	-13.492845317191772	-4.505765699763058	13.491214919364078	-13.492770043370159	-4.505679895542253
22.400453226605165	-13.440271935962999	-4.480090645320939	22.400453226605165	-13.440271935962999	-4.480090645320939	22.382626535945487	-13.482346399346625	-4.534185168700224	22.377491285258742	-13.480112936978228	-4.530022378968606
-22.400453226605030	-13.440271935962999	-4.480090645320939	-22.400453226605030	-13.440271935962999	-4.480090645320939	-22.396907933806585	-13.419371694320304	-4.469683992165564	-22.396950879544821	-13.419346199820167	-4.469698816240466
-13.440271935962992	-13.440271935962999	-4.480090645320939	-13.440271935962992	-13.440271935962999	-4.480090645320939	-13.472717173329709	-13.418886564438989	-4.474027550994697	-13.464931404279444	-13.415056401337662	-4.470582616248527
4.480090645321084	-4.480090645320960	-4.480090645320939	4.480090645321084	-4.480090645320960	-4.480090645320939	4.504938196992636	-4.497885748987809	-4.439699384908495	4.504947318273313	-4.497793727994911	-4.439768088377535
13.440271935963125	-4.480090645320960	-4.480090645320939	13.440271935963125	-4.480090645320960	-4.480090645320939	13.470683375421991	-4.434505323391215	-4.457078805643583	13.467954240214659	-4.431711467879506	-4.459018483988161
22.400453226605165	-4.480090645320960	-4.480090645320939	22.400453226605165	-4.480090645320960	-4.480090645320939	22.432959107634787	-4.471636943656461	-4.482716200946767	22.432945423778730	-4.471680916667438	-4.482740824278983
-22.400453226605030	-4.480090645320960	-4.480090645320939	-22.400453226605030	-4.480090645320960	-4.480090645320939	-22.385020237921157	-4.460470556584895	-4.456820037790430	-22.390203305353133	-4.465306597140177	-4.463681877202363
-13.440271935962992	-4.480090645320960	-4.480090645320939	-13.440271935962992	-4.480090645320960	-4.480090645320939	-13.401707861223560	-4.511262841268059	-4.464347314843650	-13.401735988355275	-4.511189824811489	-4.464342506853057
-4.480090645320953	-4.480090645320960	-4.480090645320939	-4.480090645320953	-4.480090645320960	-4.480090645320939	-4.463776000525063	-4.455299196541021	-4.441196677138584	-4.468015963981279	-4.455081203430701	-4.442869603736709
13.440271935963125	13.440271935963118	4.480090645321098	13.440271935963125	13.440271935963118	4.480090645321098	13.453006010603314	13.457661586272692	4.477922390761688	13.453005223930901	13.457643196501786	4.477849256034427
22.400453226605165	13.440271935963118	4.480090645321098	22.400453226605165	13.440271935963118	4.480090645321098	22.424479661270976	13.495161091117101	4.459228633467147	22.424567733086132	13.495692805906609	4.456868741929123
-22.400453226605030	13.440271935963118	4.480090645321098	-22.400453226605030	13.440271935963118	4.480090645321098	-22.398446346720419	13.465380127672923	4.493483819374855	-22.398468213617605	13.465306860239798	4.493454809365398
-13.440271935962992	13.440271935963118	4.480090645321098	-13.440271935962992	13.440271935963118	4.480090645321098	-13.495326957303407	13.408992377628786	4.444260707309175	-13.490934124419969	13.412099111661725	4.449127434706314
-4.480090645320953	13.440271935963118	4.480090645321098	-4.480090645320953	13.440271935963118	4.480090645321098	-4.493976316055902	13.439534916208638	4.521366112505234	-4.493983310712519	13.439558544162756	4.521302472927704
4.480090645321084	13.440271935963118	4.480090645321098	4.480090645321084	13.440271935963118	4.480090645321098	4.488778120562944	13.452892658750875	4.470695338642189	4.483193435713256	13.454904438319936	4.473688824049113
22.400453226605165	22.400453226605158	4.480090645321098	22.400453226605165	22.400453226605158	4.480090645321098	22.431298369019384	22.388587700598666	4.505923520787404	22.431310420112418	22.388632028078526	4.505868651064251
-22.400453226605030	22.400453226605158	4.480090645321098	-22.400453226605030	22.400453226605158	4.480090645321098	-22.364192002066918	22.405273103288629	4.456364795691953	-22.365505628326225	22.402977679974580	4.457268225089035
-13.440271935962992	22.400453226605158	4.480090645321098	-13.440271935962992	22.400453226605158	4.480090645321098	-13.435336206943807	22.391703778681617	4.533152795703123	-13.435342801455398	22.391648092457253	4.533067115984878
-4.480090645320953	22.400453226605158	4.480090645321098	-4.480090645320953	22.400453226605158	4.480090645321098	-4.527001747393040	22.446427818692495	4.519137059828112	-4.524102548807736	22.439913033665633	4.519805628435028
4.480090645321084	22.400453226605158	4.480090645321098	4.480090645321084	22.400453226605158	4.480090645321098	4.476629240754875	22.391444144040399	4.514611030628993	4.476620234640476	22.391461950714557	4.514566045712929
13.440271935963125	22.400453226605158	4.480090645321098	13.440271935963125	22.400453226605158	4.480090645321098	13.471468403592361	22.396713973871911	4.434701618212484	13.469140069473317	22.393046036713109	4.431753979291700
-22.400453226605030	-22.400453226605038	4.480090645321098	-22.400453226605030	-22.400453226605038	4.480090645321098	-22.352709067842561	-22.405136518027923	4.513374237993105	-22.352763986979724	-22.405144436606097	4.513304561292035
-13.440271935962992	-22.400453226605038	4.480090645321098	-13.440271935962992	-22.400453226605038	4.480090645321098	-13.424068878910211	-22.439075427378850	4.478330047973066	-13.427715049670859	-22.436386754343498	4.478733027745599
-4.480090645320953	-22.400453226605038	4.480090645321098	-4.480090645320953	-22.400453226605038	4.480090645321098	-4.440410954046721	-22.369735429962201	4.524957008459884	-4.440471923184426	-22.369779610214330	4.524864809074585
4.480090645321084	-22.400453226605038	4.480090645321098	4.480090645321084	-22.400453226605038	4.480090645321098	4.456197050706763	-22.413867430766597	4.443108416023407	4.455389264942340	-22.409066818129556	4.445952839205392
13.440271935963125	-22.400453226605038	4.480090645321098	13.440271935963125	-22.400453226605038	4.480090645321098	13.479662974805137	-22.370662150926787	4.470467486055239	13.479600680405639	-22.370718262796871	4.470487815638184
22.400453226605165	-22.400453226605038	4.480090645321098	22.400453226605165	-22.400453226605038	4.480090645321098	22.412864094001790	-22.428073599643859	4.500738977092108	22.407181275299010	-22.426719583820525	4.502130160529256
-13.440271935962992	-13.440271935962999	4.480090645321098	-13.440271935962992	-13.440271935962999	4.480090645321098	-13.388343021683644	-13.411188975747466	4.430167810203926	-13.388413474740863	-13.411257450847241	4.430250585104617
-4.480090645320953	-13.440271935962999	4.480090645321098	-4.480090645320953	-13.440271935962999	4.480090645321098	-4.450232855832764	-13.495051562101603	4.490889205070737	-4.454476328185238	-13.491436924510795	4.489837974337805
4.480090645321084	-13.440271935962999	4.480090645321098	4.480090645321084	-13.440271935962999	4.480090645321098	4.515817880646786	-13.484031135596748	4.476383466541463	4.515774875477738	-13.484001178397643	4.476397862642349
13.440271935963125	-13.440271935962999	4.480090645321098	13.440271935963125	-13.440271935962999	4.480090645321098	13.419977393143681	-13.448852966787308	4.511606695484690	13.419928642494819	-13.453784624040800	4.508701536066287
22.400453226605165	-13.440271935962999	4.480090645321098	22.400453226605165	-13.440271935962999	4.480090645321098	22.397035634054554	-13.402134735541114	4.429950310680008	22.396997283137022	-13.402215098356908	4.430001010803439
-22.400453226605030	-13.440271935962999	4.480090645321098	-22.400453226605030	-13.440271935962999	4.480090645321098	-22.427247032792000	-13.463864172262673	4.485962439542440	-22.426349134418295	-13.459065044456583	4.483198655556461
-4.480090645320953	-4.480090645320960	4.480090645321098	-4.480090645320953	-4.480090645320960	4.480090645321098	-4.450661630490818	-4.486959793206593	4.515700489794379	-4.450719365963997	-4.486999969049820	4.515677306517770
4.480090645321084	-4.480090645320960	4.480090645321098	4.480090645321084	-4.480090645320960	4.480090645321098	4.473845110832414	-4.519709058693775	4.457498906292058	4.469338788754729	-4.514462723756305	4.461515058444557
13.440271935963125	-4.480090645320960	4.480090645321098	13.440271935963125	-4.480090645320960	4.480090645321098	13.467496306704454	-4.438661199534739	4.516166053135802	13.467471607149884	-4.438712098427961	4.516120467194514
22.400453226605165	-4.480090645320960	4.480090645321098	22.400453226605165	-4.480090645320960	4.480090645321098	22.429568974203935	-4.489940916079012	4.457992093705614	22.422990899556250	-4.492728926455862	4.454366664258695
-22.400453226605030	-4.480090645320960	4.480090645321098	-22.400453226605030	-4.480090645320960	4.480090645321098	-22.357728273235018	-4.522363479014964	4.531896196183979	-22.357783080065932	-4.522362202675643	4.531817882803855
-13.440271935962992	-4.480090645320960	4.480090645321098	-13.440271935962992	-4.480090645320960	4.480090645321098	-13.457783888861128	-4.480661869784651	4.488609817184387	-13.454146744634208	-4.486153543375210	4.492264572874291
4.480090645321084	4.480090645321077	4.480090645321098	4.480090645321084	4.480090645321077	4.480090645321098	4.440255862643784	4.450077517514194	4.532937105780176	4.440255951146839	4.450093799539450	4.532811837840408
13.440271935963125	4.480090645321077	4.480090645321098	13.440271935963125	4.480090645321077	4.480090645321098	13.404998852502080	4.504985387900841	4.506183676225007	13.406969260520725	4.501461129653201	4.503569385385575
22.400453226605165	4.480090645321077	4.480090645321098	22.400453226605165	4.480090645321077	4.480090645321098	22.401734509769945	4.459066469106429	4.454914311328130	22.401715373981201	4.459129437617953	4.454918747717033
-22.400453226605030	4.480090645321077	4.480090645321098	-22.400453226605030	4.480090645321077	4.480090645321098	-22.381972284493525	4.429106187806538	4.507632753709800	-22.385841308570196	4.431704515731527	4.511153495263654
-13.440271935962992	4.480090645321077	4.480090645321098	-13.440271935962992	4.480090645321077	4.480090645321098	-13.398658366903453	4.474009699511904	4.449869777813781	-13.398720910572813	4.473989726129649	4.449981401850604
-4.480090645320953	4.480090645321077	4.480090645321098	-4.480090645320953	4.480090645321077	4.480090645321098	-4.517587836593649	4.473759607246744	4.453971855475707	-4.514814402508947	4.473404279355398	4.460899571573011
13.440271935963125	22.400453226605158	13.440271935963139	13.440271935963125	22.400453226605158	13.440271935963139	13.477680737670040	22.359649395039060	13.493339875925280	13.477660590312334	22.359779872188298	13.493204296225548
22.400453226605165	22.400453226605158	13.440271935963139	22.400453226605165	22.400453226605158	13.440271935963139	22.437764811571139	22.362792401540624	13.401897992598188	22.431934792240771	22.362961004403097	13.401963175399093
-22.400453226605030	22.400453226605158	13.440271935963139	-22.400453226605030	22.400453226605158	13.440271935963139	-22.349105265543656	22.362824881240790	13.478736045478049	-22.349150701950176	22.362896246710481	13.478673731655544
-13.440271935962992	22.400453226605158	13.440271935963139	-13.440271935962992	22.400453226605158	13.440271935963139	-13.439866250202172	22.434603349103153	13.416643858370872	-13.444258675373193	22.433747932782321	13.415732908448730
-4.480090645320953	22.400453226605158	13.440271935963139	-4.480090645320953	22.400453226605158	13.440271935963139	-4.523886455197235	22.416931637491750	13.397520744120415	-4.523812860966876	22.416884138854595	13.397633159810161
4.480090645321084	22.400453226605158	13.440271935963139	4.480090645321084	22.400453226605158	13.440271935963139	4.487349087578363	22.409643401785036	13.493459297530299	4.488025978034540	22.408000887187448	13.485247646112422
22.400453226605165	-22.400453226605038	13.440271935963139	22.400453226605165	-22.400453226605038	13.440271935963139	22.392343104001679	-22.374579052520801	13.383459953459573	22.392372370737004	-22.374625337214312	13.383527799995166
-22.400453226605030	-22.400453226605038	13.440271935963139	-22.400453226605030	-22.400453226605038	13.440271935963139	-22.374804862013463	-22.376163782442578	13.423987249943419	-22.372195620526448	-22.377475644007433	13.424382935863919
-13.440271935962992	-22.400453226605038	13.440271935963139	-13.440271935962992	-22.400453226605038	13.440271935963139	-13.420801572315712	-22.430298829162737	13.418685564287326	-13.420852100441518	-22.430242251507028	13.418685519031632
-4.480090645320953	-22.400453226605038	13.440271935963139	-4.480090645320953	-22.400453226605038	13.440271935963139	-4.524979081924569	-22.450384074809403	13.393034276466604	-4.522358847755078	-22.450683489635853	13.389633221329513
4.480090645321084	-22.400453226605038	13.440271935963139	4.480090645321084	-22.400453226605038	13.440271935963139	4.493921614513535	-22.354306281009425	13.405192369122364	4.493867264514614	-22.354398315368289	13.405251929144049
13.440271935963125	-22.400453226605038	13.440271935963139	13.440271935963125	-22.400453226605038	13.440271935963139	13.438945891739923	-22.367912572827109	13.393939826662264	13.438353623029007	-22.363139617980099	13.396411455704360
-22.400453226605030	-13.440271935962999	13.440271935963139	-22.400453226605030	-13.440271935962999	13.440271935963139	-22.353533762891971	-13.428999862944336	13.455417185192486	-22.353522549417288	-13.429001820241902	13.455387826113830
-13.440271935962992	-13.440271935962999	13.440271935963139	-13.440271935962992	-13.440271935962999	13.440271935963139	-13.384616780170219	-13.471963352379342	13.447490585452709	-13.384916610686782	-13.468851552300778	13.449919842648871
-4.480090645320953	-13.440271935962999	13.440271935963139	-4.480090645320953	-13.440271935962999	13.440271935963139	-4.509438009356175	-13.403610199046588	13.480085183850941	-4.509310815487845	-13.403675617674667	13.480067154100732
4.480090645321084	-13.440271935962999	13.440271935963139	4.480090645321084	-13.440271935962999	13.440271935963139	4.515290549008464	-13.480979870789140	13.482160276679869	4.516765456060055	-13.482802769308254	13.481549062989355
13.440271935963125	-13.440271935962999	13.440271935963139	13.440271935963125	-13.440271935962999	13.440271935963139	13.413809992893686	-13.480583010416149	13.463641474725863	13.413911481318536	-13.480475552710201	13.463658654299024
22.400453226605165	-13.440271935962999	13.440271935963139	22.400453226605165	-13.440271935962999	13.440271935963139	22.435926397760927	-13.414474915139499	13.475510882704384	22.430860480777241	-13.415015993514150	13.476020821661743
-13.440271935962992	-4.480090645320960	13.440271935963139	-13.440271935962992	-4.480090645320960	13.440271935963139	-13.425843750790168	-4.442251362347753	13.382622755941332	-13.425862279296075	-4.442293458526055	13.382696285566949
-4.480090645320953	-4.480090645320960	13.440271935963139	-4.480090645320953	-4.480090645320960	13.440271935963139	-4.506854455093691	-4.463201738140790	13.437022852997895	-4.507653039812342	-4.464256655172635	13.431429190695033
4.480090645321084	-4.480090645320960	13.440271935963139	4.480090645321084	-4.480090645320960	13.440271935963139	4.485340978979689	-4.529122565512884	13.423518984364513	4.485316980532455	-4.529067557740120	13.423496823054755
13.440271935963125	-4.480090645320960	13.440271935963139	13.440271935963125	-4.480090645320960	13.440271935963139	13.448193090493790	-4.462120881579549	13.427476399859174	13.447781217960214	-4.460882903228547	13.425506032235084
22.400453226605165	-4.480090645320960	13.440271935963139	22.400453226605165	-4.480090645320960	13.440271935963139	22.356662912433659	-4.479831742524318	13.491077140730123	22.356743450897806	-4.479794322399034	13.490954874225665
-22.400453226605030	-4.480090645320960	13.440271935963139	-22.400453226605030	-4.480090645320960	13.440271935963139	-22.378682587639197	-4.489851591712893	13.423499109950226	-22.373009510329815	-4.492310889252103	13.419352282757533
-4.480090645320953	4.480090645321077	13.440271935963139	-4.480090645320953	4.480090645321077	13.440271935963139	-4.496133309765896	4.486514516568945	13.398525879676519	-4.496131738346391	4.486537368917361	13.398565343096401
4.480090645321084	4.480090645321077	13.440271935963139	4.480090645321084	4.480090645321077	13.440271935963139	4.492129576119312	4.506966655221104	13.431783111334731	4.488703948841578	4.509846903637055	13.429962932720514
13.440271935963125	4.480090645321077	13.440271935963139	13.440271935963125	4.480090645321077	13.440271935963139	13.413906715787739	4.507681053376796	13.490959927568127	13.413976248820303	4.507683477149027	13.490942189464867
22.400453226605165	4.480090645321077	13.440271935963139	22.400453226605165	4.480090645321077	13.440271935963139	22.428816657006546	4.502638651494165	13.404420641576811	22.425747501783192	4.501607954019805	13.404463198214700
-22.400453226605030	4.480090645321077	13.440271935963139	-22.400453226605030	4.480090645321077	13.440271935963139	-22.395743692097199	4.491591841380452	13.406732323662711	-22.395761162582250	4.491565702146428	13.406787077181592
-13.440271935962992	4.480090645321077	13.440271935963139	-13.440271935962992	4.480090645321077	13.440271935963139	-13.486964921032149	4.519078699892005	13.470262315291057	-13.479958465425309	4.521410611971111	13.469140938393226
4.480090645321084	13.440271935963118	13.440271935963139	4.480090645321084	13.440271935963118	13.440271935963139	4.456042131687214	13.439721567315782	13.474110288987969	4.456067930612157	13.439745496526545	13.474008454161002
13.440271935963125	13.440271935963118	13.440271935963139	13.440271935963125	13.440271935963118	13.440271935963139	13.468775776750707	13.478455947239832	13.393525397000635	13.471759114958383	13.478040208683259	13.394039065690249
22.400453226605165	13.440271935963118	13.440271935963139	22.400453226605165	13.440271935963118	13.440271935963139	22.373077459268107	13.439566122781065	13.395554483002982	22.373092190700941	13.439545518387588	13.395592676308011
-22.400453226605030	13.440271935963118	13.440271935963139	-22.400453226605030	13.440271935963118	13.440271935963139	-22.455215436377610	13.436612114561903	13.427972984691856	-22.447930875651757	13.439936657810053	13.430246283793025
-13.440271935962992	13.440271935963118	13.440271935963139	-13.440271935962992	13.440271935963118	13.440271935963139	-13.438451820226602	13.391431453926723	13.477244862289707	-13.438513335804137	13.391560701096846	13.477163031402519
-4.480090645320953	13.440271935963118	13.440271935963139	-4.480090645320953	13.440271935963118	13.440271935963139	-4.511240140441452	13.475421758555571	13.468884050175703	-4.510403006276386	13.469662157665068	13.463602859544917
13.440271935963125	-22.400453226605038	22.400453226605180	13.440271935963125	-22.400453226605038	22.400453226605180	13.451208422028584	-22.371121453910810	22.409652096893733	13.451148562880705	-22.371194662530211	22.409643052884046
22.400453226605165	-22.400453226605038	22.400453226605180	22.400453226605165	-22.400453226605038	22.400453226605180	22.386276143736222	-22.398081834516805	22.349088708022091	22.382138196116333	-22.401289512224935	22.356615958746080
-22.400453226605030	-22.400453226605038	22.400453226605180	-22.400453226605030	-22.400453226605038	22.400453226605180	-22.371242922191044	-22.426659663200596	22.400216192736622	-22.371255681528169	-22.426653720545708	22.400181091437808
-13.440271935962992	-22.400453226605038	22.400453226605180	-13.440271935962992	-22.400453226605038	22.400453226605180	-13.386715207539950	-22.430186259755406	22.354206576410146	-13.393737792210064	-22.432179239569077	22.358124938965194
-4.480090645320953	-22.400453226605038	22.400453226605180	-4.480090645320953	-22.400453226605038	22.400453226605180	-4.482753958604071	-22.435844067531914	22.452914434373920	-4.482744526517008	-22.435821221117163	22.452747790032618
4.480090645321084	-22.400453226605038	22.400453226605180	4.480090645321084	-22.400453226605038	22.400453226605180	4.429551762819676	-22.449274470895876	22.449633549847441	4.432099468634962	-22.444698379812692	22.450125511181685
22.400453226605165	-13.440271935962999	22.400453226605180	22.400453226605165	-13.440271935962999	22.400453226605180	22.444885093982588	-13.412433340457653	22.436470925325256	22.444753838046179	-13.412451930803934	22.436496645275184
-22.400453226605030	-13.440271935962999	22.400453226605180	-22.400453226605030	-13.440271935962999	22.400453226605180	-22.444197600327506	-13.457796229389235	22.384479281642392	-22.437777022610501	-13.460689670849236	22.388017055869579
-13.440271935962992	-13.440271935962999	22.400453226605180	-13.440271935962992	-13.440271935962999	22.400453226605180	-13.472697984502206	-13.478320965631422	22.391825907102010	-13.472713857381166	-13.478257960279420	22.391885071983676
-4.480090645320953	-13.440271935962999	22.400453226605180	-4.480090645320953	-13.440271935962999	22.400453226605180	-4.500092103722025	-13.445005116565227	22.439347929921546	-4.503790706657029	-13.444615016480288	22.431641111848297
4.480090645321084	-13.440271935962999	22.400453226605180	4.480090645321084	-13.440271935962999	22.400453226605180	4.529817373368565	-13.491005590511177	22.389915194138599	4.529688983055943	-13.490995471819200	22.389914405375208
13.440271935963125	-13.440271935962999	22.400453226605180	13.440271935963125	-13.440271935962999	22.400453226605180	13.396720092217775	-13.425453847442689	22.429723713278541	13.393027234715422	-13.428592768822796	22.430150462455170
-22.400453226605030	-4.480090645320960	22.400453226605180	-22.400453226605030	-4.480090645320960	22.400453226605180	-22.356926057053705	-4.423679784839512	22.450798929045757	-22.356995349032864	-4.423788254069098	22.450706710843235
-13.440271935962992	-4.480090645320960	22.400453226605180	-13.440271935962992	-4.480090645320960	22.400453226605180	-13.460381778944624	-4.432261944592800	22.374616338762745	-13.460502755161922	-4.431923745867311	22.380770439355398
-4.480090645320953	-4.480090645320960	22.400453226605180	-4.480090645320953	-4.480090645320960	22.400453226605180	-4.529958987244743	-4.492407631326587	22.381378096406610	-4.529933773557915	-4.492385289020739	22.381383059901257
4.480090645321084	-4.480090645320960	22.400453226605180	4.480090645321084	-4.480090645320960	22.400453226605180	4.441487717072929	-4.503694173669115	22.373115583365148	4.447366577991411	-4.503621925552663	22.366921287515179
13.440271935963125	-4.480090645320960	22.400453226605180	13.440271935963125	-4.480090645320960	22.400453226605180	13.409806203713256	-4.461937793206240	22.434191042386107	13.409829245069023	-4.461935476770621	22.434156575445115
22.400453226605165	-4.480090645320960	22.400453226605180	22.400453226605165	-4.480090645320960	22.400453226605180	22.410417859689453	-4.453746926448090	22.359585037719448	22.408569329656338	-4.451464035517425	22.361769139249603
-13.440271935962992	4.480090645321077	22.400453226605180	-13.440271935962992	4.480090645321077	22.400453226605180	-13.401855866753669	4.515909181535540	22.419114713768629	-13.401893169005312	4.515915625545438	22.419105236101881
-4.480090645320953	4.480090645321077	22.400453226605180	-4.480090645320953	4.480090645321077	22.400453226605180	-4.455200152721203	4.485243885328156	22.403360150649760	-4.455904383019504	4.490855924950468	22.403022055204435
4.480090645321084	4.480090645321077	22.400453226605180	4.480090645321084	4.480090645321077	22.400453226605180	4.443905937279477	4.528250130033452	22.344115899385010	4.443932729150977	4.528183273141525	22.344189339472521
13.440271935963125	4.480090645321077	22.400453226605180	13.440271935963125	4.480090645321077	22.400453226605180	13.387067850039042	4.510173891703960	22.429534159280760	13.388571672199351	4.508052586145709	22.424816557202064
22.400453226605165	4.480090645321077	22.400453226605180	22.400453226605165	4.480090645321077	22.400453226605180	22.446881622319982	4.468251614968332	22.422973472926415	22.446754731206237	4.468266990723985	22.422957542862317
-22.400453226605030	4.480090645321077	22.400453226605180	-22.400453226605030	4.480090645321077	22.400453226605180	-22.412766678590572	4.468067304010696	22.366443216622251	-22.415472853763429	4.465106245069977	22.374487430361665
-4.480090645320953	13.440271935963118	22.400453226605180	-4.480090645320953	13.440271935963118	22.400453226605180	-4.430246810493825	13.435373704117369	22.378807807220774	-4.430252175137468	13.435348121715881	22.378843064650958
4.480090645321084	13.440271935963118	22.400453226605180	4.480090645321084	13.440271935963118	22.400453226605180	4.532699545819050	13.470240259576565	22.348022233788093	4.527652299407246	13.465080544634485	22.347419753884804
13.440271935963125	13.440271935963118	22.400453226605180	13.440271935963125	13.440271935963118	22.400453226605180	13.432592898438866	13.460903604645232	22.415545964217571	13.432667520765849	13.460852616571351	22.415449333136316
22.400453226605165	13.440271935963118	22.400453226605180	22.400453226605165	13.440271935963118	22.400453226605180	22.428567926529819	13.410657208425514	22.379887628376096	22.424078429121611	13.412520467289452	22.382846026916464
-22.400453226605030	13.440271935963118	22.400453226605180	-22.400453226605030	13.440271935963118	22.400453226605180	-22.362610718010444	13.443057195705883	22.354127316736964	-22.362613343131773	13.443022933700913	22.354152084727819
-13.440271935962992	13.440271935963118	22.400453226605180	-13.440271935962992	13.440271935963118	22.400453226605180	-13.413068892601764	13.468431206508038	22.401393638755209	-13.419495274528792	13.462736457636833	22.395921399750335
4.480090645321084	22.400453226605158	22.400453226605180	4.480090645321084	22.400453226605158	22.400453226605180	4.458276216632160	22.403397554803369	22.445347074297405	4.458303457299531	22.403384637551870	22.445309124008677
13.440271935963125	22.400453226605158	22.400453226605180	13.440271935963125	22.400453226605158	22.400453226605180	13.410739625507446	22.349710625138947	22.362832523536497	13.417907965311993	22.348799665743883	22.364952590982071
22.400453226605165	22.400453226605158	22.400453226605180	22.400453226605165	22.400453226605158	22.400453226605180	22.372988497671560	22.385087039420728	22.411454681087072	22.372977222485556	22.385090313993139	22.411424215636163
-22.400453226605030	22.400453226605158	22.400453226605180	-22.400453226605030	22.400453226605158	22.400453226605180	-22.440090692623837	22.376253233139916	22.400429500041010	-22.434515614968660	22.379783356849867	22.400006071349761
-13.440271935962992	22.400453226605158	22.400453226605180	-13.440271935962992	22.400453226605158	22.400453226605180	-13.468494507998974	22.449261676516770	22.423385285498384	-13.468481591205729	22.449188416906203	22.423376062119157
-4.480090645320953	22.400453226605158	22.400453226605180	-4.480090645320953	22.400453226605158	22.400453226605180	-4.467674512496178	22.361687021305183	22.417218644395764	-4.466032909677683	22.363993822037056	22.419383626547749
13.440271935963125	-13.440271935962999	-22.400453226605016	13.440271935963125	-13.440271935962999	-22.400453226605016	13.416621940777842	-13.408215273738554	-22.425477480765498	13.416640991543400	-13.408212965592954	-22.425397141740984
22.400453226605165	-13.440271935962999	-22.400453226605016	22.400453226605165	-13.440271935962999	-22.400453226605016	22.367247238054773	-13.406420941229175	-22.349048341709011	22.368845213491898	-13.405375416427335	-22.357387930868899
-22.400453226605030	-13.440271935962999	-22.400453226605016	-22.400453226605030	-13.440271935962999	-22.400453226605016	-22.344184632284009	-13.442071488928509	-22.375896643398985	-22.344281347327922	-13.442160039468398	-22.375950186560019

Average Thermodynamics Variables of the simulation:
<E> = -6.1299e-10	∆E/<E> = 9.2149e-05	<K> = 1.3601e-11	<U> = -6.2659e-10	100<Up>/<U> = 1.4516e-03	<T> = 3.0546e+02	<P> = -3.7270e+07
