216	62.691574647536811
-1.827159204505385404e+01 -2.133455256833632063e+01 -5.647267742118801692e+01 -1.830293918067749459e+01 -2.141669893735306829e+01 -5.633707387113700804e+01 -1.829815293479095217e+01 -2.140949312534760551e+01 -5.633076129894784856e+01 -1.615321426094949997e-01 -2.180829424522300053e-01 -2.268885101795919956e-01 -1.615321426094949997e-01 -2.180829424522300053e-01 -2.268885101795919956e-01
-8.078512344317376304e+00 -2.596060591431175268e+01 -7.566551852200743333e+00 -8.085454301758383977e+00 -2.596743144892489141e+01 -7.569100586802716357e+00 -8.074549182637490219e+00 -2.596771679529169319e+01 -7.574729095600933881e+00 -3.082799883199049962e-01 5.350903943314000433e-03 1.554367830902139980e-01 -3.082799883199049962e-01 5.350903943314000433e-03 1.554367830902139980e-01
-3.782256727101720006e+00 -2.354912443529996580e+01 -1.802823678503858051e+00 -3.764411270839938872e+00 -2.364248639073477065e+01 -1.942214628638923024e+00 -3.767650813036841129e+00 -2.364505928416249247e+01 -1.947865323001698012e+00 1.309984429711860132e-01 6.609328175387099713e-02 1.756264968455970021e-01 1.309984429711860132e-01 6.609328175387099713e-02 1.756264968455970021e-01
7.520851354973764558e+01 -6.955665516548497074e+00 -3.471014933886244336e+01 7.519713715577135815e+01 -6.944255425306568696e+00 -3.471586574730493879e+01 7.520141223730992408e+01 -6.936908788576820584e+00 -3.471736940984592223e+01 -1.181129171438970032e-01 -2.063124093320690133e-01 4.282234001177499805e-02 -1.181129171438970032e-01 -2.063124093320690133e-01 4.282234001177499805e-02
-5.527426165960926596e+01 -1.021114439306032962e+00 -6.457837957043659483e-01 -5.532840497260668400e+01 -1.016268409556071006e+00 -7.551622830637569894e-01 -5.531985055794928030e+01 -1.022062348257025022e+00 -7.607260902219360466e-01 -2.568491694683009974e-01 1.765273840960719931e-01 1.705947524975650054e-01 -2.568491694683009974e-01 1.765273840960719931e-01 1.705947524975650054e-01
-4.680324112986369856e-01 9.601815360935628263e+00 -2.029462103691507480e+01 -4.672800493632849883e-01 9.592564613931891415e+00 -2.029056247623994125e+01 -4.673794048567280202e-01 9.588460118162798196e+00 -2.028709666927297306e+01 2.507823095088000144e-03 1.162025627694669994e-01 -9.717156428752199426e-02 2.507823095088000144e-03 1.162025627694669994e-01 -9.717156428752199426e-02
-2.818540627414163779e+00 -2.393272147800712091e+01 -1.389196647508509130e+01 -2.941135949291925122e+00 -2.390995338892348343e+01 -1.368921391448023606e+01 -2.939630534652112104e+00 -2.390670733219506161e+01 -1.368584219176584327e+01 -3.765711179325199887e-02 -1.044816958954119940e-01 -9.899233420373799996e-02 -3.765711179325199887e-02 -1.044816958954119940e-01 -9.899233420373799996e-02
1.296884617806877671e+01 -7.751987438127849739e-01 -8.954272442380112551e+00 1.295354553853646884e+01 -7.590295795190470374e-01 -8.956055094754303170e+00 1.294748523650288341e+01 -7.614571575422039995e-01 -8.952311656117586836e+00 1.684194640488539951e-01 7.000445237231700535e-02 -1.053454028396649950e-01 1.684194640488539951e-01 7.000445237231700535e-02 -1.053454028396649950e-01
8.356510731963082250e+00 -9.308675644054453358e+00 -1.573500724792664407e+01 8.274455597041002974e+00 -9.212029556573687827e+00 -1.588577302086488174e+01 8.276838118473401451e+00 -9.213795655521867189e+00 -1.588581408660472327e+01 -5.286645059206800112e-02 5.870212254536900237e-02 -8.946241155101999562e-03 -5.286645059206800112e-02 5.870212254536900237e-02 -8.946241155101999562e-03
-3.443192516434903183e+01 1.606776143193374295e+01 -6.371610098274413048e+01 -3.442912341073604665e+01 1.607612084230946792e+01 -6.370934105831589278e+01 -3.442578452443373749e+01 1.607743269620426929e+01 -6.370348648372797840e+01 -9.413604816119300334e-02 -3.668142518321500234e-02 -1.647850438760130043e-01 -9.413604816119300334e-02 -3.668142518321500234e-02 -1.647850438760130043e-01
-1.440985026354894005e+00 1.432430464919471191e+01 -2.732413902364032410e+01 -1.278433517672622921e+00 1.434351295418094807e+01 -2.737973940628436154e+01 -1.273980667503112896e+00 1.433765251862182843e+01 -2.738093390476473843e+01 -1.496956969682810001e-01 1.648339706813710115e-01 3.161637343114900162e-02 -1.496956969682810001e-01 1.648339706813710115e-01 3.161637343114900162e-02
-2.180103585447892200e+01 -3.685027934116147819e+00 -5.015950354282033175e+01 -2.179904704270661853e+01 -3.676487213802380083e+00 -5.016513061207950841e+01 -2.180410136591094172e+01 -3.671314481951252873e+00 -5.016135203767750284e+01 1.423538755707270120e-01 -1.450064395876140000e-01 -1.066683052315589991e-01 1.423538755707270120e-01 -1.450064395876140000e-01 -1.066683052315589991e-01
-9.881764222487785077e+00 1.408521296578589066e+01 -5.327481340085179795e+01 -9.726286851444664094e+00 1.405368581694337848e+01 -5.314210705109911004e+01 -9.727953055531333604e+00 1.405948211764827427e+01 -5.313996196827193330e+01 4.998430847078599859e-02 -1.672074622628670071e-01 -7.084511965901800490e-02 4.998430847078599859e-02 -1.672074622628670071e-01 -7.084511965901800490e-02
4.617415593036384536e+01 -2.683555375499234685e+01 -2.865900572291733006e+00 4.616789562166244565e+01 -2.682965904719401351e+01 -2.867177104397596210e+00 4.616496543514553252e+01 -2.683116034886067069e+01 -2.855708969217200188e+00 8.077078695482499404e-02 4.217289050596000066e-02 -3.229954674337550125e-01 8.077078695482499404e-02 4.217289050596000066e-02 -3.229954674337550125e-01
3.795932979330302715e+01 -1.113293842493532537e+01 -4.992542512112223818e+01 3.811724580741447710e+01 -1.103949163882415263e+01 -5.003719998320782025e+01 3.811745018726439582e+01 -1.103522604977342958e+01 -5.003167469465370942e+01 3.863701844260999854e-03 -1.065929692861059958e-01 -1.663092734914849991e-01 3.863701844260999854e-03 -1.065929692861059958e-01 -1.663092734914849991e-01
-2.193905158455356030e+01 6.742666842247344583e+00 -2.222503733107425816e+01 -2.194745108842563042e+01 6.728978028184683602e+00 -2.222509774019480489e+01 -2.194727946413912179e+01 6.735184095457653619e+00 -2.221733495310279949e+01 -6.376702048446000401e-03 -1.736224527963320108e-01 -2.184614977392470014e-01 -6.376702048446000401e-03 -1.736224527963320108e-01 -2.184614977392470014e-01
1.356547568434713291e+01 2.105206617243575806e+01 -1.194301692584998520e+01 1.358609639471017516e+01 2.099139953644452561e+01 -1.201364752418361093e+01 1.358754052767451448e+01 2.099613020945906072e+01 -1.201300463513718775e+01 -2.241308859656800101e-02 -1.410677000256969904e-01 -3.182680871632700276e-02 -2.241308859656800101e-02 -1.410677000256969904e-01 -3.182680871632700276e-02
-1.762248146837018226e+01 4.614693075062000105e+00 -3.689163383187715084e+01 -1.762691771627317294e+01 4.615178298866237760e+00 -3.690075842193893152e+01 -1.761816953934394903e+01 4.617312383182712310e+00 -3.689307946117038739e+01 -2.438084004071670030e-01 -6.092757675788299659e-02 -2.155328671360159931e-01 -2.438084004071670030e-01 -6.092757675788299659e-02 -2.155328671360159931e-01
2.356564269572396242e+01 2.318158441392596814e+01 -3.688422909893120760e+01 2.360368793149182665e+01 2.320946048457244615e+01 -3.702552115478582806e+01 2.359945748616410910e+01 2.320099863459950740e+01 -3.702313374328156925e+01 1.084849331078640011e-01 2.384350369723270135e-01 -8.192235994635499452e-02 1.084849331078640011e-01 2.384350369723270135e-01 -8.192235994635499452e-02
-1.100496775071392896e+01 3.316119102959258047e+00 -1.899530899578628862e+01 -1.100278002505429242e+01 3.306920932562741999e+00 -1.898545453619055579e+01 -1.100599961308327757e+01 3.306911145520900153e+00 -1.898883871244893484e+01 9.040413717205099398e-02 1.411622853106000086e-03 9.410655009169599516e-02 9.040413717205099398e-02 1.411622853106000086e-03 9.410655009169599516e-02
-5.054484493565719561e+01 3.832207973632451825e+01 -3.040514726875698770e+01 -5.084146493444185211e+01 3.836471279005676394e+01 -3.053653924932332941e+01 -5.084206296408898140e+01 3.835863982103324332e+01 -3.052866853499203259e+01 1.475942954558000057e-02 1.677921866764950087e-01 -2.216545014679300041e-01 1.475942954558000057e-02 1.677921866764950087e-01 -2.216545014679300041e-01
-1.024859595681290081e+01 2.387847975003353085e+01 -2.484846702256260187e+01 -1.023602864257378542e+01 2.387873522313996943e+01 -2.483799078878139710e+01 -1.024119035003989708e+01 2.387036587270731403e+01 -2.484003884686767805e+01 1.485805246085609987e-01 2.329206672978710035e-01 6.231243324127400118e-02 1.485805246085609987e-01 2.329206672978710035e-01 6.231243324127400118e-02
-3.954402336419358477e+01 2.317976238879814943e+01 -4.919198953164101162e+00 -3.953710187617066651e+01 2.319700625093279811e+01 -4.851997667364985389e+00 -3.953530764499284800e+01 2.320081388247508158e+01 -4.857233575497160949e+00 -6.047848810153499954e-02 -1.122641323735820013e-01 1.418988606980519929e-01 -6.047848810153499954e-02 -1.122641323735820013e-01 1.418988606980519929e-01
1.269740604837308062e+01 4.447980588758953502e+01 -1.149001538348834117e+01 1.269691813192846475e+01 4.448148870430530621e+01 -1.149468665490661046e+01 1.270635799137386179e+01 4.448256725477031637e+01 -1.149337644659179603e+01 -2.655137949578419976e-01 -3.092542372791099933e-02 -3.689682018741399783e-02 -2.655137949578419976e-01 -3.092542372791099933e-02 -3.689682018741399783e-02
5.733628077966961456e+01 -7.274614832286593114e+00 -6.807261916842820781e+00 5.743283432448004788e+01 -7.424418063391492240e+00 -6.879717482937494744e+00 5.742996246683173212e+01 -7.429586220530659979e+00 -6.883842541474890275e+00 5.165557457128300278e-02 1.447579502933969975e-01 1.509264150206869881e-01 5.165557457128300278e-02 1.447579502933969975e-01 1.509264150206869881e-01
1.123918056810719435e+01 1.965410515854427231e+01 -2.128630304590033973e+01 1.124621484897169665e+01 1.964870510538226611e+01 -2.128222595772351866e+01 1.124226344648951503e+01 1.964821862623977466e+01 -2.127668736397273719e+01 1.106010056203710068e-01 1.192606902300900017e-02 -1.550133577609230096e-01 1.106010056203710068e-01 1.192606902300900017e-02 -1.550133577609230096e-01
-4.967368563375184465e+01 4.825216083420097846e+01 -4.159825687585668419e+01 -4.970040109335722178e+01 4.803337244711021725e+01 -4.162628208942260954e+01 -4.969937819035457949e+01 4.803239903126198840e+01 -4.162848438321736211e+01 -1.766182123837100118e-02 3.104684932666499850e-02 7.114382016954899635e-02 -1.766182123837100118e-02 3.104684932666499850e-02 7.114382016954899635e-02
1.743912112007079962e+00 -4.112502862346732968e+01 -2.550915369303167068e+01 1.755421320386812978e+00 -4.112577801398580846e+01 -2.551833162070096961e+01 1.752597221046011011e+00 -4.112362249856391827e+01 -2.550967480779130625e+01 8.047793005226300256e-02 -6.531109572276599939e-02 -2.429232568921549928e-01 8.047793005226300256e-02 -6.531109572276599939e-02 -2.429232568921549928e-01
-2.228993080589003029e+01 -4.473095826529043961e+01 -7.923695895670672229e+00 -2.241048884226548665e+01 -4.471392984899616607e+01 -7.844775132644979720e+00 -2.241393521231361419e+01 -4.471545114486335848e+01 -7.845271859535639436e+00 8.763927996438500290e-02 6.872731248004600169e-02 2.095280564621199854e-02 8.763927996438500290e-02 6.872731248004600169e-02 2.095280564621199854e-02
6.520969754564038823e+00 -3.659139111648197229e+01 -6.368796688702120434e+01 6.516746259189707402e+00 -3.659414998653875273e+01 -6.369488736452269251e+01 6.512537497169310186e+00 -3.659568553366954546e+01 -6.369293907145016220e+01 1.170403598284049940e-01 4.425801982740799889e-02 -5.560188867743100227e-02 1.170403598284049940e-01 4.425801982740799889e-02 -5.560188867743100227e-02
-1.459336262475541623e+01 -5.223069912250315383e+01 -2.052604447612376148e+01 -1.476490679860737920e+01 -5.251109733399326274e+01 -2.039763715807070810e+01 -1.477010947099164184e+01 -5.250883519843080194e+01 -2.039866039213546500e+01 1.387141317812120023e-01 -6.625759377248399695e-02 1.519940920003600045e-02 1.387141317812120023e-01 -6.625759377248399695e-02 1.519940920003600045e-02
-3.530121988249553766e+01 -1.811215329006665797e+01 -1.170420161451181862e+01 -3.530129552186240005e+01 -1.811669669937607097e+01 -1.169997814871154063e+01 -3.529897204032467783e+01 -1.811543818344917156e+01 -1.170787013031593915e+01 -6.660464280353599331e-02 -3.520851809456800041e-02 2.213393573866770103e-01 -6.660464280353599331e-02 -3.520851809456800041e-02 2.213393573866770103e-01
2.976336783925665230e+01 -3.643809938141986748e+01 -2.075298599997621807e+01 2.968517200726156346e+01 -3.643060083149629236e+01 -2.096259248605678138e+01 2.968765901182421629e+01 -3.643397207186744424e+01 -2.096714644817772921e+01 -5.105571037351600006e-02 9.936883823660899728e-02 1.007269308124290053e-01 -5.105571037351600006e-02 9.936883823660899728e-02 1.007269308124290053e-01
-2.164544075523109967e+01 1.269727895420448149e+01 -1.496830218330460838e+01 -2.164473156433308532e+01 1.269451323729247427e+01 -1.496386254016260331e+01 -2.164737909893273837e+01 1.269264649762333441e+01 -1.496062845301070610e+01 7.283832199128900675e-02 5.352997269793999952e-02 -9.379397494807199809e-02 7.283832199128900675e-02 5.352997269793999952e-02 -9.379397494807199809e-02
3.129899758417125355e+01 1.096184791600017228e+01 -6.311929146858814121e+00 3.132678239123845998e+01 1.102747640645437954e+01 -6.262248098395867046e+00 3.133006712271291150e+01 1.103049817857120374e+01 -6.259693816760115048e+00 -9.165410728290900033e-02 -9.337594084722999899e-02 -5.320465593077700062e-02 -9.165410728290900033e-02 -9.337594084722999899e-02 -5.320465593077700062e-02
-3.961086009218312398e+01 -3.060952787939120956e+00 -1.402101465222775545e+01 -3.960503291142381244e+01 -3.070051228147952838e+00 -1.401834669134284894e+01 -3.959281759592493444e+01 -3.068764744371314190e+00 -1.400949906962047820e+01 -3.426422916713660061e-01 -3.261641544537199899e-02 -2.490279289288230002e-01 -3.426422916713660061e-01 -3.261641544537199899e-02 -2.490279289288230002e-01
-6.294495734674643295e+00 -6.545686072905558817e+00 -2.162147305542909947e+01 -6.488791297088718935e+00 -6.748473922339043973e+00 -2.154420500949674633e+01 -6.491103582735693323e+00 -6.748321461653510767e+00 -2.154021859814880813e+01 4.948364902897400136e-02 6.207621337810000214e-04 -1.357750679128560123e-01 4.948364902897400136e-02 6.207621337810000214e-04 -1.357750679128560123e-01
-1.425325087119493794e+01 2.772468105534089133e+01 2.519676720534094372e+01 -1.425062362189409804e+01 2.772833454614172055e+01 2.519013952426075065e+01 -1.423709834380484551e+01 2.774111062843902431e+01 2.518678986741675629e+01 -3.813947368338260202e-01 -3.602848005485039806e-01 9.479553895899800464e-02 -3.813947368338260202e-01 -3.602848005485039806e-01 9.479553895899800464e-02
4.400991297933502189e+00 -1.127171320814403188e+01 -3.126539908112211208e+01 4.570961022234180327e+00 -1.148499060008395389e+01 -3.134627478526078903e+01 4.568555270474612406e+00 -1.148322978713553510e+01 -3.134676025504700192e+01 6.208016632788999900e-02 -7.897508127301100522e-02 1.754103126398499912e-02 6.208016632788999900e-02 -7.897508127301100522e-02 1.754103126398499912e-02
4.427250089021278256e+01 3.263169371360805826e+01 -1.835116268747933432e+01 4.426965291417432269e+01 3.263509164354508840e+01 -1.834925787173673228e+01 4.426244589235403737e+01 3.262824014188806387e+01 -1.834740552549734716e+01 2.022379927590010062e-01 1.933533758183189899e-01 -5.236761421731000316e-02 2.022379927590010062e-01 1.933533758183189899e-01 -5.236761421731000316e-02
-6.065402102095257675e+01 1.730348869835003711e+01 -1.695707112434671515e+01 -6.051659433811344257e+01 1.734782559663071311e+01 -1.705471628594610323e+01 -6.051700193862584598e+01 1.734267603021545057e+01 -1.705056630578875954e+01 8.113215982128000464e-03 1.545670081785560090e-01 -1.247662478212289983e-01 8.113215982128000464e-03 1.545670081785560090e-01 -1.247662478212289983e-01
-2.927559876539522676e+01 -7.339000326906846894e+00 -1.937325626653255384e+01 -2.926020098297543726e+01 -7.340489648736845396e+00 -1.936780403437865061e+01 -2.926341139662086022e+01 -7.340928421372347579e+00 -1.936796516068989860e+01 9.021409590397699851e-02 1.279205847686199979e-02 3.887579225667999860e-03 9.021409590397699851e-02 1.279205847686199979e-02 3.887579225667999860e-03
-6.435221794053479272e+00 -7.352847429005244351e+00 -3.456070343853845372e+01 -6.430786434308853217e+00 -7.230702131643694131e+00 -3.470272134724978486e+01 -6.430532919334705610e+00 -7.234716015541599710e+00 -3.470240968150567795e+01 8.871730649100000347e-05 1.074266861937600015e-01 -1.417053814992800045e-02 8.871730649100000347e-05 1.074266861937600015e-01 -1.417053814992800045e-02
1.017513444760349905e+01 -1.577158626729757884e+01 -3.188212295150893283e+01 1.018656973323564685e+01 -1.578273625583220330e+01 -3.188674698592706136e+01 1.019427321787515162e+01 -1.577927019544218545e+01 -3.189162728605271724e+01 -2.172532905299600081e-01 -9.723497548913399846e-02 1.378131482457390089e-01 -2.172532905299600081e-01 -9.723497548913399846e-02 1.378131482457390089e-01
3.579269981913513021e+01 1.350436691410247292e+01 -2.071124075570683587e+01 3.588785549133535113e+01 1.325666079610443582e+01 -2.049239078033161476e+01 3.588016980613284801e+01 1.326844490190737957e+01 -2.049453171641617999e+01 2.276992460993799983e-01 -3.435693045272010249e-01 6.627429497389500379e-02 2.276992460993799983e-01 -3.435693045272010249e-01 6.627429497389500379e-02
6.560097790007651142e+00 3.403038009451325507e+01 -2.605695686416340706e+01 6.548314782081551932e+00 3.403329226165885757e+01 -2.605518737720361599e+01 6.548563493198780172e+00 3.403943385211483275e+01 -2.605330272963793803e+01 -8.345155555877000614e-03 -1.742574899880590111e-01 -5.116404001938199692e-02 -8.345155555877000614e-03 -1.742574899880590111e-01 -5.116404001938199692e-02
-1.943297526612157711e+01 -2.333665752459904041e+00 -3.209559812398591561e+01 -1.927645387081704698e+01 -2.324952076346296970e+00 -3.215668841538906975e+01 -1.927707996834555004e+01 -2.325289263992385891e+00 -3.215681856872988220e+01 4.165985910281899685e-02 1.811722511056700069e-02 2.789048002389400011e-02 4.165985910281899685e-02 1.811722511056700069e-02 2.789048002389400011e-02
3.085749129513283506e+01 2.217631612105646610e+01 -3.929442204076907785e+01 3.086176191499509613e+01 2.218162538927811411e+01 -3.930824441264660862e+01 3.086560624150940768e+01 2.218300196080789988e+01 -3.931327008063298933e+01 -1.122000570012989945e-01 -3.876290321024999930e-02 1.411003076045559967e-01 -1.122000570012989945e-01 -3.876290321024999930e-02 1.411003076045559967e-01
2.000185094476312386e+01 2.981899736577866999e+00 -1.704592825597509886e+01 1.991606609687033469e+01 2.964934102846929154e+00 -1.706983053690481711e+01 1.991213897371278563e+01 2.967811656902398010e+00 -1.707055492787337414e+01 1.422603873476530056e-01 -7.054538286790400237e-02 1.789683412709299967e-02 1.422603873476530056e-01 -7.054538286790400237e-02 1.789683412709299967e-02
4.286645283113615079e+01 4.670555547547565567e+01 -9.351472535708452938e+00 4.286727600098981128e+01 4.670821983049616932e+01 -9.346977204121442284e+00 4.286959674719074798e+01 4.670187932410246390e+01 -9.338557852203789977e+00 -6.348901935996699442e-02 1.782920135913149962e-01 -2.369468025392089949e-01 -6.348901935996699442e-02 1.782920135913149962e-01 -2.369468025392089949e-01
2.392843074577311313e+01 1.688640925239694113e+01 -1.918041764801116500e+01 2.381712331455810627e+01 1.693130544795689119e+01 -1.920037524762658876e+01 2.381383896086626351e+01 1.692926624422753079e+01 -1.920017608090689265e+01 8.445154892151200687e-02 4.805697485716999701e-02 5.442935639232000106e-03 8.445154892151200687e-02 4.805697485716999701e-02 5.442935639232000106e-03
-9.883217428672983473e+00 -2.360452469530127928e+01 -1.689753278220898736e+01 -9.890288623316207506e+00 -2.360598144964998824e+01 -1.690176130906005625e+01 -9.890891190406108535e+00 -2.361057498126841381e+01 -1.690713782224418793e+01 1.865174855378099947e-02 1.291317141208450092e-01 1.508157064921880064e-01 1.865174855378099947e-02 1.291317141208450092e-01 1.508157064921880064e-01
-2.568369824136309987e+00 2.720923168970629646e+01 -2.286558118966972231e+01 -2.705679988705632866e+00 2.719122770350351104e+01 -2.320014172435369915e+01 -2.705250165919575789e+00 2.718691474003279041e+01 -2.320421584274254911e+01 8.548753180800000052e-04 1.273234934081839964e-01 1.376307370660090068e-01 8.548753180800000052e-04 1.273234934081839964e-01 1.376307370660090068e-01
-7.754341367740300583e+00 5.988411987690439275e+01 -4.182898525922930588e+01 -7.748015047128000710e+00 5.988451188957264293e+01 -4.183270981888251328e+01 -7.742349539724892260e+00 5.989132486210932171e+01 -4.182608448515182431e+01 -1.599853519137109936e-01 -1.905279036092099865e-01 -1.866543440953029875e-01 -1.599853519137109936e-01 -1.905279036092099865e-01 -1.866543440953029875e-01
3.598264100701632628e+01 4.321294348883548508e+01 -9.527809463614367758e+00 3.592275386412613614e+01 4.311026338558784943e+01 -9.590756569704218748e+00 3.592178932216118881e+01 4.311100017141908580e+01 -9.598719782201534656e+00 2.342299747953599867e-02 -2.481201424908999892e-02 2.348528029328240119e-01 2.342299747953599867e-02 -2.481201424908999892e-02 2.348528029328240119e-01
3.061339826538829811e+01 1.040729113482370671e+01 -1.429262437033495381e+01 3.060994324650809872e+01 1.040602106720923636e+01 -1.429600818085144986e+01 3.060704895315276275e+01 1.040480946646190574e+01 -1.429673429812493879e+01 8.123639301296900483e-02 3.343558296319300294e-02 2.095853791780600064e-02 8.123639301296900483e-02 3.343558296319300294e-02 2.095853791780600064e-02
-4.874190796958223615e+01 7.264415244893521617e+01 -5.197881739761346864e+01 -4.866940905536560535e+01 7.260044997335984363e+01 -5.193964452508004115e+01 -4.866300991881800542e+01 7.259805346186681163e+01 -5.194574104908497958e+01 -1.640906887958759885e-01 5.175675896340199700e-02 1.489075928870599863e-01 -1.640906887958759885e-01 5.175675896340199700e-02 1.489075928870599863e-01
-1.092764867431756937e+00 -1.931753881294852349e+01 -3.229545412778081470e+01 -1.097345585674118107e+00 -1.932251380064267821e+01 -3.229761465752315530e+01 -1.093665971485564992e+00 -1.931533853900476316e+01 -3.230452393753571272e+01 -1.048846835770770036e-01 -1.996135112705320069e-01 1.960118637682949916e-01 -1.048846835770770036e-01 -1.996135112705320069e-01 1.960118637682949916e-01
1.124965672879896239e+01 1.206847383625327552e+01 -2.485327100575083747e+01 1.134074931520981977e+01 1.215499070014088900e+01 -2.493207912953788963e+01 1.133852715150557522e+01 1.215411495404762476e+01 -2.493465783130233504e+01 6.590469425794399927e-02 1.894277861641800037e-02 8.242299873880200300e-02 6.590469425794399927e-02 1.894277861641800037e-02 8.242299873880200300e-02
9.713704680618899800e-01 -1.153268537090875157e+01 -3.935616018785497516e+01 9.676408168097390128e-01 -1.152584427304164194e+01 -3.935875516885143099e+01 9.571865772767419456e-01 -1.153402341131573472e+01 -3.934920310749329531e+01 2.935176346966469896e-01 2.295148217943739910e-01 -2.689128636132679939e-01 2.935176346966469896e-01 2.295148217943739910e-01 -2.689128636132679939e-01
4.918428326701528164e+01 -2.759727942190645678e+01 -2.495593319268846244e+01 4.935353994907225683e+01 -2.771436627643476314e+01 -2.485258162704287699e+01 4.935293729858444323e+01 -2.771322990843768252e+01 -2.485161121513680627e+01 3.161204739318600188e-02 -1.120289240412600078e-02 -2.962085264278499844e-02 3.161204739318600188e-02 -1.120289240412600078e-02 -2.962085264278499844e-02
-2.865252082518869514e+01 -2.615945612421840494e+01 -1.248970257429527564e+01 -2.866087644357391540e+01 -2.617376861844069325e+01 -1.248160474593712621e+01 -2.865736308421521272e+01 -2.616819067773587548e+01 -1.248139679036611049e+01 -9.898916032051299774e-02 -1.599898732430100057e-01 -7.806801221284000170e-03 -9.898916032051299774e-02 -1.599898732430100057e-01 -7.806801221284000170e-03
-1.480084785200290298e+01 -1.608071104095067128e+01 -1.661703209808127113e+01 -1.474423817353474320e+01 -1.599744901475166614e+01 -1.645517299234116493e+01 -1.473951241553310254e+01 -1.599930695411152648e+01 -1.645734291263476834e+01 -1.336270903402169974e-01 6.962886493593199722e-02 5.490507035329700303e-02 -1.336270903402169974e-01 6.962886493593199722e-02 5.490507035329700303e-02
-1.823463107024146046e+00 -3.068561453952938578e+01 5.669627325054607425e+00 -1.818632756790359961e+00 -3.069043224892373090e+01 5.664773656596379325e+00 -1.825243282523578925e+00 -3.068978251584082173e+01 5.656198521677299418e+00 1.853010173185730136e-01 -1.832471111831000116e-02 2.405101532175739909e-01 1.853010173185730136e-01 -1.832471111831000116e-02 2.405101532175739909e-01
4.551270118124178587e+00 -5.009120338461565325e+01 -6.448601525748689944e+00 4.813605995879754573e+00 -5.003485346752836449e+01 -6.213489519721145271e+00 4.815248940447519388e+00 -5.002413592020847943e+01 -6.212999604957055944e+00 -8.422214635311800479e-02 -3.187700216628530092e-01 -2.905673894557700074e-02 -8.422214635311800479e-02 -3.187700216628530092e-01 -2.905673894557700074e-02
1.979882999946690703e+01 -3.982385760966880639e+01 5.452656800051819630e+00 1.980525639361295731e+01 -3.981243939938768506e+01 5.444701568786306289e+00 1.980893437454430384e+01 -3.981154702173401461e+01 5.452522802573409599e+00 -1.034269001686709960e-01 -2.500476681166100001e-02 -2.210829267345230109e-01 -1.034269001686709960e-01 -2.500476681166100001e-02 -2.210829267345230109e-01
-3.294533732831087747e+01 1.207919559444912849e+01 -4.336542171674076229e+01 -3.294993911170858780e+01 1.210437413879523660e+01 -4.339317861753881544e+01 -3.295638030974076571e+01 1.210499988297155305e+01 -4.339069259551661872e+01 1.558310852247480061e-01 6.203096901028000432e-03 -5.815360756139800052e-02 1.558310852247480061e-01 6.203096901028000432e-03 -5.815360756139800052e-02
3.537240653994154993e+00 6.128291032571780761e+00 -1.695528615800449002e+00 3.532884290064708832e+00 6.126370593686045751e+00 -1.684794346415338984e+00 3.532836773618421855e+00 6.125214373844933391e+00 -1.681744124732269974e+00 1.894862853785999994e-03 3.342653269613000272e-02 -8.693767360559899460e-02 1.894862853785999994e-03 3.342653269613000272e-02 -8.693767360559899460e-02
-1.103252874948919526e+01 -1.262615952512172157e+01 6.066221349869969970e+00 -1.110723629114602318e+01 -1.268756724270960312e+01 6.021251090486805957e+00 -1.110942299992850835e+01 -1.269509336531122123e+01 6.020227069711753920e+00 7.373090393539200038e-02 2.543421063905790258e-01 3.411619106004400159e-02 7.373090393539200038e-02 2.543421063905790258e-01 3.411619106004400159e-02
-9.085968727222637042e+00 8.696138404190671523e+00 -5.191127137460208374e+00 -9.105637269280997259e+00 8.698845784232050349e+00 -5.188008222299330008e+00 -9.098695974023442545e+00 8.695182573069569543e+00 -5.186751883626769200e+00 -1.969994106185539995e-01 1.019251427239469959e-01 -3.443053132153699875e-02 -1.969994106185539995e-01 1.019251427239469959e-01 -3.443053132153699875e-02
4.489507648173966459e+01 -2.469248371128145880e+00 -1.918836234646544625e+01 4.480382651910488079e+01 -2.495399383647486147e+00 -1.919275964132100754e+01 4.479948085882421083e+01 -2.491743278369114023e+00 -1.919161884382554462e+01 1.358273693259139936e-01 -1.134924949330430033e-01 -3.635592718642800120e-02 1.358273693259139936e-01 -1.134924949330430033e-01 -3.635592718642800120e-02
-2.052846985385282252e+01 1.735774973115895392e+01 -4.948567018845015042e+01 -2.054286446216385187e+01 1.736879356200214275e+01 -4.949485998038664292e+01 -2.054370404543775308e+01 1.736853470353099738e+01 -4.949854334053537031e+01 2.427760730856000013e-02 8.083587684133999168e-03 1.041646466897489937e-01 2.427760730856000013e-02 8.083587684133999168e-03 1.041646466897489937e-01
-1.794210997168317334e+01 7.029052085759773583e+00 -9.653360655772249999e+00 -1.808327876328340267e+01 7.032377898891048140e+00 -9.626361019673938202e+00 -1.808492770804049954e+01 7.039313026016614572e+00 -9.635186886325094235e+00 3.184253395900599887e-02 -2.058821586358229871e-01 2.416912853411689877e-01 3.184253395900599887e-02 -2.058821586358229871e-01 2.416912853411689877e-01
-1.414714408400004508e+01 3.179417883493264441e+01 1.003662130841248690e+01 -1.415866127860508428e+01 3.179925383810079254e+01 1.003880067598539760e+01 -1.414986976114399475e+01 3.178395112064576367e+01 1.003406634676272624e+01 -2.448059560084969999e-01 4.307952125528100029e-01 1.324624202283349872e-01 -2.448059560084969999e-01 4.307952125528100029e-01 1.324624202283349872e-01
2.497573949258865511e+01 7.384833371318819673e+00 3.230027002101681433e+01 2.508486391281938666e+01 7.344402827524754152e+00 3.239469063360513701e+01 2.507859743041858280e+01 7.344766330413902367e+00 3.239104058338554637e+01 1.723177803206120129e-01 -1.099240054568200071e-02 1.013247790025409989e-01 1.723177803206120129e-01 -1.099240054568200071e-02 1.013247790025409989e-01
4.327501991131563841e+01 -7.878429417574277061e+00 -2.449532769180681413e+01 4.326729819048796344e+01 -7.881135547007491304e+00 -2.449344898581600205e+01 4.327041614522543966e+01 -7.880102021971092441e+00 -2.449088095533992515e+01 -8.684246230912200104e-02 -2.955340900257200087e-02 -7.302808577287199510e-02 -8.684246230912200104e-02 -2.955340900257200087e-02 -7.302808577287199510e-02
-1.694270282432377428e+01 2.524682995527271601e+01 1.430766667625696975e+01 -1.704164116768471260e+01 2.537149371436241552e+01 1.417769107354427227e+01 -1.703758498661714427e+01 2.537491758748547710e+01 1.417842549877132186e+01 -1.036274408197860042e-01 -1.033736180561450058e-01 -3.111302677445499862e-02 -1.036274408197860042e-01 -1.033736180561450058e-01 -3.111302677445499862e-02
-3.952346710900270210e+01 -1.281270471151157508e+01 -2.778014624986765213e+00 -3.952550796677300582e+01 -1.281449742366814881e+01 -2.785842289702295194e+00 -3.952371590937080015e+01 -1.282958281380005694e+01 -2.788510202065053178e+00 -5.192897498165800069e-02 4.237265925789029941e-01 7.484839574945199858e-02 -5.192897498165800069e-02 4.237265925789029941e-01 7.484839574945199858e-02
-1.538146292150278605e+01 2.368099062000862176e+01 3.286951914918805784e+01 -1.521404074018177432e+01 2.375046666621942038e+01 3.274058902604004118e+01 -1.521113362564321925e+01 2.375607519485754793e+01 3.273911444711892926e+01 -6.720198473797900363e-02 -1.778232959671129931e-01 3.624378108580499774e-02 -6.720198473797900363e-02 -1.778232959671129931e-01 3.624378108580499774e-02
1.604815183000212997e+01 1.786676112125755012e+01 -3.384091993291669098e+00 1.605200614778361157e+01 1.786206694629570180e+01 -3.392071598385799192e+00 1.606199494527644234e+01 1.785814691334690352e+01 -3.399916601299285190e+00 -2.836540296443019749e-01 1.126569317515020013e-01 2.251469146746160055e-01 -2.836540296443019749e-01 1.126569317515020013e-01 2.251469146746160055e-01
2.663922746086637616e+01 -1.092700402583938768e+01 -1.639739872189718639e+01 2.670949406622042233e+01 -1.096132186493104399e+01 -1.635405478785806821e+01 2.670841433474986104e+01 -1.095561262745655995e+01 -1.635658949580114552e+01 4.458294855191000106e-02 -1.614924123997900085e-01 7.853443135821000509e-02 4.458294855191000106e-02 -1.614924123997900085e-01 7.853443135821000509e-02
-1.000185537488235710e+01 2.012570479228098463e+01 2.855323901458742153e+00 -1.001319551749601899e+01 2.014664311508568062e+01 2.867013049685748882e+00 -1.000906823120596201e+01 2.014527391080712704e+01 2.859024558406269012e+00 -1.182997851446239979e-01 4.332853297391599939e-02 2.277607118383299933e-01 -1.182997851446239979e-01 4.332853297391599939e-02 2.277607118383299933e-01
-6.999129115462836559e+00 1.515805682891978812e+01 -9.992091783215729661e-01 -7.019648821650335435e+00 1.526534852514066287e+01 -1.028116228363588958e+00 -7.023409677532185036e+00 1.526650782395440409e+01 -1.030321011746077042e+00 1.265685858694350074e-01 -5.353172923947400325e-02 5.459661085299299943e-02 1.265685858694350074e-01 -5.353172923947400325e-02 5.459661085299299943e-02
1.099148607498870334e+01 9.937720776845143433e+00 3.046305796125907506e+01 1.098441515141062119e+01 9.928897723649349416e+00 3.044935089195406164e+01 1.098934333032812027e+01 9.930470162941322343e+00 3.044868639300276669e+01 -1.380819784768670122e-01 -4.544991432293900291e-02 1.825658952298700108e-02 -1.380819784768670122e-01 -4.544991432293900291e-02 1.825658952298700108e-02
-1.279125168824866599e+01 2.993065042047505742e+01 1.825607412227046034e+00 -1.288494950730951594e+01 2.999788861667432016e+01 1.892314459728674958e+00 -1.287909220863667237e+01 3.000221864508689151e+01 1.894137704420794099e+00 -1.777758799803400014e-01 -1.286262648598129887e-01 -3.395929984494400200e-02 -1.777758799803400014e-01 -1.286262648598129887e-01 -3.395929984494400200e-02
2.648887920445369915e+01 3.249488592362215655e+01 -1.969013970277583425e+01 2.648254930317548883e+01 3.249262761737878691e+01 -1.969887537732124727e+01 2.648991403964066293e+01 3.248422175309556792e+01 -1.970703109150825227e+01 -2.086386954792670001e-01 2.424610856973649919e-01 2.300031984375059957e-01 -2.086386954792670001e-01 2.424610856973649919e-01 2.300031984375059957e-01
1.790362511724375949e+01 5.734523504941684280e+01 -7.670680177692519308e+00 1.796335508688908433e+01 5.745332975502486050e+01 -7.693811707256925203e+00 1.796286622536328181e+01 5.745695038725244075e+01 -7.696167169423577370e+00 2.093422571935499993e-02 -1.013204477246500007e-01 6.374172431877299372e-02 2.093422571935499993e-02 -1.013204477246500007e-01 6.374172431877299372e-02
-9.320498040221897540e+00 -1.181618491509252244e+01 -2.640004885352096409e+01 -9.321214930366105378e+00 -1.182003040193067278e+01 -2.640669469117712609e+01 -9.326419118195133251e+00 -1.181788641815401419e+01 -2.640611386492763657e+01 1.463645980875729891e-01 -6.020164375284799835e-02 -1.637595797650100160e-02 1.463645980875729891e-01 -6.020164375284799835e-02 -1.637595797650100160e-02
-2.302690592268978875e+01 -4.690707331825466042e+01 4.153859730513657311e+00 -2.310111004333073126e+01 -4.699065416236589243e+01 4.216309502400680920e+00 -2.309973710645468614e+01 -4.699376849258062094e+01 4.218260668177548744e+00 -5.897586898441300324e-02 1.105150831584350013e-01 -6.795128056268200101e-02 -5.897586898441300324e-02 1.105150831584350013e-01 -6.795128056268200101e-02
-1.236035032330350525e+01 -7.074180188515171608e+01 -1.629347290835672091e+00 -1.236097566634872180e+01 -7.073960430588013537e+01 -1.625924788069817106e+00 -1.234931482782608114e+01 -7.073020301698055334e+01 -1.624307999173397965e+00 -3.288393331937419783e-01 -2.643593568108539849e-01 -4.495043094144000190e-02 -3.288393331937419783e-01 -2.643593568108539849e-01 -4.495043094144000190e-02
6.178164553608865184e+00 -2.820046553831821967e+01 2.843929674764050231e-01 6.245076592410971905e+00 -2.822983233992190577e+01 2.540420705508710242e-01 6.242424473454476264e+00 -2.823282916867288961e+01 2.551777464686900143e-01 6.598130847448099856e-02 7.928363394357999805e-02 -3.390090980991899983e-02 6.598130847448099856e-02 7.928363394357999805e-02 -3.390090980991899983e-02
2.043997507647506495e+01 -1.703987801037900951e+01 -2.336844520281695736e+01 2.044600291600159281e+01 -1.703507440362134417e+01 -2.337083336060566552e+01 2.044429140819678992e+01 -1.703575413456458065e+01 -2.337693307079043592e+01 4.714101955137500050e-02 1.925509896523200024e-02 1.715036015267089875e-01 4.714101955137500050e-02 1.925509896523200024e-02 1.715036015267089875e-01
1.209921083943750730e+01 -1.691387871053626668e+01 -2.222334662546651529e+01 1.209786664890536656e+01 -1.691579329690337730e+01 -2.225602864879131104e+01 1.209285034800734948e+01 -1.692157925157646048e+01 -2.225104862433547837e+01 1.522551659152310000e-01 1.680975225988959876e-01 -1.543202065202770035e-01 1.522551659152310000e-01 1.680975225988959876e-01 -1.543202065202770035e-01
-3.415048761871847205e+01 -1.611135650449701728e+01 8.640025741556332406e+00 -3.414931666018511436e+01 -1.612375415807000323e+01 8.634075398241561672e+00 -3.414035011464924452e+01 -1.612323514214404696e+01 8.639676170196237237e+00 -2.492907208760120064e-01 -1.367313809667400001e-02 -1.622925728272829882e-01 -2.492907208760120064e-01 -1.367313809667400001e-02 -1.622925728272829882e-01
2.540379068777096450e+01 -2.329901824267732380e+01 -2.033279234062412044e+01 2.541353770205915907e+01 -2.327650100218944829e+01 -2.039894792493592846e+01 2.541598773665803890e+01 -2.327486694528749567e+01 -2.040672603041036837e+01 -5.274348111118400129e-02 -5.401112049641199758e-02 2.212036001670759922e-01 -5.274348111118400129e-02 -5.401112049641199758e-02 2.212036001670759922e-01
-7.641861739712010326e-01 -5.222296440170998011e+01 -3.481712269110085600e+01 -7.593661590531040062e-01 -5.222594901428390557e+01 -3.481439198709117022e+01 -7.630183030407320377e-01 -5.222447555280009368e+01 -3.480993227782738586e+01 1.022014273764809966e-01 -4.120232640305800109e-02 -1.271041908447629876e-01 1.022014273764809966e-01 -4.120232640305800109e-02 -1.271041908447629876e-01
2.499807210589305839e+01 -3.050203470511245740e+01 -1.239514722744336694e+01 2.491334293415192036e+01 -3.048527433554915689e+01 -1.241305223316639861e+01 2.491070306069024554e+01 -3.048730098417257750e+01 -1.241512461894361508e+01 5.688584430448599683e-02 5.963215065846400043e-02 4.276308076347300202e-02 5.688584430448599683e-02 5.963215065846400043e-02 4.276308076347300202e-02
-2.181469369501510513e+01 -9.344978096627769570e-01 -1.157551873469359371e+01 -2.180951708793084620e+01 -9.343544429952650443e-01 -1.158505037940092386e+01 -2.181320614146744319e+01 -9.380158600094939958e-01 -1.158174062202232690e+01 1.056812709047480064e-01 1.032919715719529952e-01 -9.294884390974400556e-02 1.056812709047480064e-01 1.032919715719529952e-01 -9.294884390974400556e-02
-4.481846275460092954e+01 -1.039874317864056152e+01 -3.151058432041919488e+01 -4.503150045806206236e+01 -1.035269657850491321e+01 -3.143173993092774055e+01 -4.502788141282719181e+01 -1.035612344832529708e+01 -3.143010590097427581e+01 -1.192807782044470050e-01 9.401945407139999933e-02 -4.363082484893700264e-02 -1.192807782044470050e-01 9.401945407139999933e-02 -4.363082484893700264e-02
1.837435658914548497e+01 -2.712834563459561821e+01 -1.269853088210581227e+01 1.836434796540562076e+01 -2.712924259625976475e+01 -1.270699409339179020e+01 1.835600414301375238e+01 -2.712829469205645339e+01 -1.270460876047584975e+01 2.336501875787710125e-01 -2.604872637393700063e-02 -6.625018180371400334e-02 2.336501875787710125e-01 -2.604872637393700063e-02 -6.625018180371400334e-02
5.271267163772546560e+00 1.591243557703275968e+00 -1.341189754081127816e+01 5.372135380659779358e+00 1.387879615725605031e+00 -1.334615292007731746e+01 5.372436184806834270e+00 1.384684208117926918e+00 -1.333917474745902076e+01 1.258589238597400059e-02 1.138195152465319993e-01 -1.725458780772750056e-01 1.258589238597400059e-02 1.138195152465319993e-01 -1.725458780772750056e-01
3.811348860262105376e+01 -1.092653515994316216e+01 9.571964623347190004e-01 3.811974234576510412e+01 -1.093029430932165802e+01 9.597621031927620061e-01 3.813010945142355723e+01 -1.092899148905985918e+01 9.644819663804079513e-01 -2.923436689247629894e-01 -3.623801613297299856e-02 -1.316823547681169881e-01 -2.923436689247629894e-01 -3.623801613297299856e-02 -1.316823547681169881e-01
-4.457708500686263342e+00 -1.418374028986822077e+00 1.185225763562483081e+01 -4.218397485882007913e+00 -1.453902942862727921e+00 1.192907752762943652e+01 -4.218767698101249408e+00 -1.451670649462361906e+00 1.192579762405872579e+01 1.757273465671500140e-02 -5.106338595526400265e-02 8.523890460937599833e-02 1.757273465671500140e-02 -5.106338595526400265e-02 8.523890460937599833e-02
-5.992297936460613528e+01 -3.490290545797683830e+00 -7.098927219296636615e+00 -5.992337193144312124e+01 -3.496772014322698130e+00 -7.096801189539992727e+00 -5.991610873412997762e+01 -3.499516783389608143e+00 -7.091839793110855439e+00 -2.071668953806420077e-01 7.602095552415799595e-02 -1.398478524732350015e-01 -2.071668953806420077e-01 7.602095552415799595e-02 -1.398478524732350015e-01
1.984896456178011448e+01 -2.110649241045466695e+01 -7.563375176571242697e+00 1.982601600345055459e+01 -2.102989965006409889e+01 -7.738882312944980413e+00 1.982799747765675136e+01 -2.103242108855161518e+01 -7.734087047766315948e+00 -8.183922997486499373e-02 8.007157854285000542e-02 -1.352279524012360012e-01 -8.183922997486499373e-02 8.007157854285000542e-02 -1.352279524012360012e-01
1.977917895641308377e+01 9.138399778163080356e+00 4.206511849991579055e+01 1.977732732352151146e+01 9.151948231168921311e+00 4.205740742489302164e+01 1.978047586397710234e+01 9.150917446599240890e+00 4.205788556712622039e+01 -8.836842917760799609e-02 3.145008894856200082e-02 -1.559267903082599965e-02 -8.836842917760799609e-02 3.145008894856200082e-02 -1.559267903082599965e-02
1.609896779090293251e+01 2.531376381833687716e+01 1.216527660656973175e+01 1.621698170097958425e+01 2.549949596856259149e+01 1.218317768726450900e+01 1.622150098888800329e+01 2.550433825529994536e+01 1.218185956167015327e+01 -1.158904300995649977e-01 -1.554707873170859955e-01 4.127298959690200303e-02 -1.158904300995649977e-01 -1.554707873170859955e-01 4.127298959690200303e-02
-1.353686373919258301e+01 4.048360061041780966e+01 2.600878943191059989e+01 -1.353645857263956565e+01 4.048643948179730501e+01 2.602177506029888576e+01 -1.352776483225178161e+01 4.048264459073532606e+01 2.601995233693280341e+01 -2.454286619630750010e-01 1.072981160330089972e-01 4.958481020679299939e-02 -2.454286619630750010e-01 1.072981160330089972e-01 4.958481020679299939e-02
3.874455133075978885e+00 6.224793981113919017e+00 2.256543664581328912e+01 4.010992392315452015e+00 6.345622196031630580e+00 2.275561134867317392e+01 4.010801143293415194e+00 6.347562379813006750e+00 2.275736603523357360e+01 2.461511585295500168e-02 -6.509106662268500376e-02 -5.023582158920700258e-02 2.461511585295500168e-02 -6.509106662268500376e-02 -5.023582158920700258e-02
3.037737369499013695e+01 6.572424476594606801e+01 3.612287977676125195e+01 3.039072811775200833e+01 6.571904570452313976e+01 3.611959466510072048e+01 3.039081573794920743e+01 6.571359988019523257e+01 3.612025515108639695e+01 -5.046264303384000172e-03 1.544387201324690095e-01 -1.896232679286199985e-02 -5.046264303384000172e-03 1.544387201324690095e-01 -1.896232679286199985e-02
-3.116446748687966117e+00 1.789955146980807754e+01 2.303951965423207682e+01 -3.058774629898576070e+00 1.779120380139697133e+01 2.279826823862921614e+01 -3.062985427940357219e+00 1.778909393926464944e+01 2.279432441291821476e+01 1.203258065196960019e-01 8.675856194080100448e-02 1.128860333003840061e-01 1.203258065196960019e-01 8.675856194080100448e-02 1.128860333003840061e-01
3.860303450811630199e+01 3.691955004098362281e+01 1.172805041663816716e+01 3.861065079172004744e+01 3.691714021490500386e+01 1.172548434011548224e+01 3.861391769548886543e+01 3.690618433208703664e+01 1.172493159590059086e+01 -9.153229467150800214e-02 3.076911048324230125e-01 1.454153478254400014e-02 -9.153229467150800214e-02 3.076911048324230125e-01 1.454153478254400014e-02
-5.956549317490210882e+01 2.350702127606340852e+01 8.194447429584455378e+00 -5.966422259894486047e+01 2.340661123685383416e+01 8.086861629129623807e+00 -5.966814494039130778e+01 2.340989072853769315e+01 8.083096343189509980e+00 9.454095453605200483e-02 -9.678554616921400400e-02 1.158444370487519970e-01 9.454095453605200483e-02 -9.678554616921400400e-02 1.158444370487519970e-01
1.546951690565310500e+01 2.471046630175413483e+01 2.198525138614004248e+01 1.546071513839652845e+01 2.471478605319841648e+01 2.198578242891712264e+01 1.546930618312845773e+01 2.470503802539199967e+01 2.198387372957612840e+01 -2.412182479867620022e-01 2.739571910938790045e-01 5.249325871704699914e-02 -2.412182479867620022e-01 2.739571910938790045e-01 5.249325871704699914e-02
1.658331275809064920e+01 1.488416284634239162e+01 2.541404260580918262e+01 1.638988765781223833e+01 1.476008562985478001e+01 2.533593199729504519e+01 1.638043368208732531e+01 1.475951947545926402e+01 2.533722842561375188e+01 2.469896880820489915e-01 5.268452641689000404e-03 -4.649848954453100064e-02 2.469896880820489915e-01 5.268452641689000404e-03 -4.649848954453100064e-02
3.826632413415565281e+01 2.346975247340710524e+01 5.270376211002551159e+00 3.827286325896555752e+01 2.347079889535799069e+01 5.276492403943240816e+00 3.827267308598497664e+01 2.346883610322633373e+01 5.273896745823659415e+00 4.540884007273000150e-03 5.569055479740100262e-02 7.234248884015599679e-02 4.540884007273000150e-03 5.569055479740100262e-02 7.234248884015599679e-02
1.753798827813863426e+01 3.702918145355597090e+01 1.793276049846380360e+01 1.759278557424734757e+01 3.689618006255971494e+01 1.790104400824714048e+01 1.759419003208014587e+01 3.689561131369438129e+01 1.789801931576279159e+01 -5.174485314005999870e-02 1.369436028157700047e-02 7.361830704124200375e-02 -5.174485314005999870e-02 1.369436028157700047e-02 7.361830704124200375e-02
-2.665007004780862943e+01 -3.784666670122575738e+01 -6.774967380645379400e+00 -2.665544667588215333e+01 -3.784138923984708214e+01 -6.788204605522076385e+00 -2.665762279507341148e+01 -3.784835677363208362e+01 -6.790538168822586762e+00 6.041891398637599941e-02 1.975853308307579936e-01 7.073431251993299307e-02 6.041891398637599941e-02 1.975853308307579936e-01 7.073431251993299307e-02
-3.272064997465054148e+01 -1.232349823527000332e+01 1.870700135977866108e+00 -3.278112295071183269e+01 -1.241099326647315593e+01 1.881358809779809071e+00 -3.277937908074461149e+01 -1.240799767815242660e+01 1.874181502770833951e+00 -4.292128311816800074e-02 -9.971597183341600334e-02 2.134341189252779991e-01 -4.292128311816800074e-02 -9.971597183341600334e-02 2.134341189252779991e-01
-5.113299964024258770e+01 1.246085124552768697e+01 -1.061854432361478828e+01 -5.112588657080769394e+01 1.245694919617506891e+01 -1.062711281374344807e+01 -5.112075134482184069e+01 1.245018323547985695e+01 -1.063447400649191898e+01 -1.450156072058159940e-01 1.898933664283160017e-01 2.075360979518859894e-01 -1.450156072058159940e-01 1.898933664283160017e-01 2.075360979518859894e-01
2.242292137252827899e+01 -4.730204872493342805e+01 5.829641008301671867e+00 2.245109348488941947e+01 -4.720394935031242056e+01 5.771381816115125574e+00 2.245109947344811019e+01 -4.720125180023980249e+01 5.772384671272217105e+00 2.234770597324000144e-02 -6.363950334259700636e-02 -3.268392640879499988e-02 2.234770597324000144e-02 -6.363950334259700636e-02 -3.268392640879499988e-02
-5.897355240084801054e+00 5.808568921224112280e+00 5.909972417346320839e+00 -5.894910905076820917e+00 5.812859959664598897e+00 5.916992373567812713e+00 -5.889469281672539580e+00 5.809379683245161630e+00 5.918181084659797975e+00 -1.533506917465249919e-01 9.840063437544800673e-02 -3.470499800925099659e-02 -1.533506917465249919e-01 9.840063437544800673e-02 -3.470499800925099659e-02
1.181265028910742210e+01 -4.197389082846589758e+01 2.419483230132073004e+00 1.186355527457128822e+01 -4.200879802876203684e+01 2.190613637297508021e+00 1.185617814554913707e+01 -4.200201942694494051e+01 2.193017271980497007e+00 2.159855747796939895e-01 -2.040985831166690079e-01 -7.264475535341899382e-02 2.159855747796939895e-01 -2.040985831166690079e-01 -7.264475535341899382e-02
-9.468162951173090258e-01 -4.457848401439458996e+01 -6.312476559044697844e+00 -9.482658981281769650e-01 -4.457033581658957644e+01 -6.310739502112453714e+00 -9.459524038688790215e-01 -4.457467183591962367e+01 -6.311083487898275557e+00 -6.775401294709799960e-02 1.229275907128190015e-01 9.023722630184999316e-03 -6.775401294709799960e-02 1.229275907128190015e-01 9.023722630184999316e-03
9.533923326118060260e+00 -2.723249989792548575e+01 -1.239690632346934862e+01 9.644414406026443842e+00 -2.714241752158801191e+01 -1.234590673603477562e+01 9.632033698986036896e+00 -2.714372693304599693e+01 -1.234267017382824783e+01 3.510897199122119949e-01 3.253255662062899678e-02 -7.839268975378199666e-02 3.510897199122119949e-01 3.253255662062899678e-02 -7.839268975378199666e-02
1.953032145828055954e+00 -2.546338534770965722e+01 -7.814413304058536625e+00 1.960670504712135997e+00 -2.546152868134828395e+01 -7.811942708603621277e+00 1.962605830292323938e+00 -2.545849149496371311e+01 -7.813893164474317921e+00 -5.436496255127899746e-02 -8.590383351729899419e-02 5.667933652410300088e-02 -5.436496255127899746e-02 -8.590383351729899419e-02 5.667933652410300088e-02
6.047277781686137388e+00 -1.022157762148776783e+01 1.009503762497675972e+01 6.020184088688474766e+00 -1.021018092376972142e+01 9.899698167546926442e+00 6.017744615844266676e+00 -1.021165371757413354e+01 9.901721716508689042e+00 5.494849346757099684e-02 7.910579843144099899e-02 -5.510163392126800341e-02 5.494849346757099684e-02 7.910579843144099899e-02 -5.510163392126800341e-02
2.477736264486748752e+01 -3.147340932709946770e+01 -3.715293585734829040e+00 2.478104978671352754e+01 -3.147232954324258003e+01 -3.727976160377005854e+00 2.477119595617515557e+01 -3.146961142923878185e+01 -3.726426478201407821e+00 2.752319618794250022e-01 -7.653101927550799710e-02 -4.397270997662999781e-02 2.752319618794250022e-01 -7.653101927550799710e-02 -4.397270997662999781e-02
-2.867208567198917635e+01 -1.387347132780653025e+00 -7.889973406817778923e+00 -2.865145705221365091e+01 -1.301536359473262960e+00 -7.838944459537946940e+00 -2.864918325665895793e+01 -1.298685775169911016e+00 -7.835557065581387981e+00 -6.126427819922000001e-02 -8.113156200124099771e-02 -1.044040793926289956e-01 -6.126427819922000001e-02 -8.113156200124099771e-02 -1.044040793926289956e-01
1.554279630494953857e+01 -2.994779885394131114e+01 1.176008803733820152e+01 1.554072657436129568e+01 -2.994480810880267896e+01 1.175265817510720545e+01 1.554302119802330040e+01 -2.994560498898364642e+01 1.175493835318912339e+01 -6.604506096244699975e-02 2.494913860328600019e-02 -6.539753576872199547e-02 -6.604506096244699975e-02 2.494913860328600019e-02 -6.539753576872199547e-02
3.671417909429032278e+01 -1.205957527599591472e+01 2.371179058931765482e+01 3.666690174769110655e+01 -1.199497005774291303e+01 2.375803083482449907e+01 3.667109132980534980e+01 -1.199700113032282722e+01 2.375249052518857340e+01 -1.205052883203359959e-01 6.619491291093800023e-02 1.660038727404490044e-01 -1.205052883203359959e-01 6.619491291093800023e-02 1.660038727404490044e-01
3.120354688589257108e+01 3.816926927401920722e+01 -2.622597492026116939e+01 3.121123728936435882e+01 3.817262006033819688e+01 -2.622551945400596907e+01 3.121287693278602404e+01 3.816867861362796788e+01 -2.621903813007769912e+01 -4.653279711930299878e-02 1.102462094770979978e-01 -1.858591694246490011e-01 -4.653279711930299878e-02 1.102462094770979978e-01 -1.858591694246490011e-01
7.659720601202575807e+00 -1.533914904060530304e+01 -4.258349570531787975e+00 7.595474055189478158e+00 -1.547474964450232271e+01 -4.329243338712370104e+00 7.601908076131620895e+00 -1.547272638164091596e+01 -4.322820957123422403e+00 -1.688482737341409912e-01 -7.505108923476799809e-02 -1.784532804574880116e-01 -1.688482737341409912e-01 -7.505108923476799809e-02 -1.784532804574880116e-01
-2.574782855012643878e+01 -5.518813906178394291e+01 6.300208428110399161e+00 -2.574986567464352660e+01 -5.517607783779521213e+01 6.304369947591614398e+00 -2.575628390754769370e+01 -5.518077326479315303e+01 6.297696569305610836e+00 1.796450218872940041e-01 1.377009969414960122e-01 1.879444137328409870e-01 1.796450218872940041e-01 1.377009969414960122e-01 1.879444137328409870e-01
-2.784953839295561195e+01 -3.413253601357765632e+01 2.284354672648499993e-02 -2.775331256282708026e+01 -3.431025421705915335e+01 -8.256091445427400644e-02 -2.775944793605104977e+01 -3.429727731593952456e+01 -7.638465623064799592e-02 1.947288186599930027e-01 -3.925226995350840076e-01 -1.680790841535070024e-01 1.947288186599930027e-01 -3.925226995350840076e-01 -1.680790841535070024e-01
-3.092763914969557604e+01 2.110666246499393051e+00 -1.940995319928348062e+00 -3.092974872767464234e+01 2.116912956989779993e+00 -1.929525044742345985e+00 -3.092920856030033505e+01 2.119672366701657040e+00 -1.926077251227199083e+00 -1.482098408527699959e-02 -7.693309193821699921e-02 -9.779635542062199705e-02 -1.482098408527699959e-02 -7.693309193821699921e-02 -9.779635542062199705e-02
3.172423080464853484e+01 1.749621262191371684e+01 2.979871311463547201e+01 3.164785746112222853e+01 1.760736865104267679e+01 2.980058224956109925e+01 3.165616546488620386e+01 1.761565409989607289e+01 2.980573049433815314e+01 -2.381238327688539880e-01 -2.458911480915899894e-01 -1.416251622360429896e-01 -2.381238327688539880e-01 -2.458911480915899894e-01 -1.416251622360429896e-01
2.159292246408888971e+01 2.346788232345648595e+01 -1.452569126015935197e+01 2.159317688505225163e+01 2.347722488336433955e+01 -1.452735336552260392e+01 2.158704465115284066e+01 2.347888106708813893e+01 -1.452428070362125290e+01 1.738452892675269867e-01 -4.775334011763399805e-02 -8.740942027099600498e-02 1.738452892675269867e-01 -4.775334011763399805e-02 -8.740942027099600498e-02
-2.787220857521048245e+01 5.693058182080450447e-01 1.957819695974206198e+01 -2.782056796571164270e+01 5.300036528333550434e-01 1.946805506390750651e+01 -2.781979692054099473e+01 5.327175415155009919e-01 1.946623399290432488e+01 -2.060508107525500093e-02 -8.591812269630400012e-02 4.477784005452500188e-02 -2.060508107525500093e-02 -8.591812269630400012e-02 4.477784005452500188e-02
-3.537588230174053905e+01 -2.859735339100713958e+01 9.119347889351523406e+00 -3.537403762863328183e+01 -2.859812034161625860e+01 9.128686413941196065e+00 -3.537590928593631645e+01 -2.859122157823489729e+01 9.122193911821661061e+00 5.541574802744200084e-02 -1.945928775075519979e-01 1.869955880530750070e-01 5.541574802744200084e-02 -1.945928775075519979e-01 1.869955880530750070e-01
-1.998973005402334024e+01 -6.821289006105076602e+00 -5.786576889681951386e+00 -1.986797520192404320e+01 -7.024082679806939566e+00 -5.744844323110510409e+00 -1.986521979139640948e+01 -7.026915561669754950e+00 -5.742647683948128190e+00 -8.865032930369400044e-02 9.162104400008200256e-02 -5.933307589456100067e-02 -8.865032930369400044e-02 9.162104400008200256e-02 -5.933307589456100067e-02
4.062224940295630660e+01 1.158930719113466346e+01 -2.595314717739241051e+00 4.062358381546756192e+01 1.157643238722029366e+01 -2.588268991673941866e+00 4.061594096425668710e+01 1.157560550781715492e+01 -2.585095315521919179e+00 2.149869047439680048e-01 2.281662225296299945e-02 -9.144663587182200182e-02 2.149869047439680048e-01 2.281662225296299945e-02 -9.144663587182200182e-02
3.340734383883458491e+01 2.554737948364905264e+01 1.311928672280506980e+01 3.356902673075622801e+01 2.561520459787012527e+01 1.311298917151320431e+01 3.356826893068360107e+01 2.561959382554703168e+01 1.311556193994319841e+01 1.603681554261500095e-02 -1.439808304845019982e-01 -4.910040294633299940e-02 1.603681554261500095e-02 -1.439808304845019982e-01 -4.910040294633299940e-02
-1.042627803590318436e+01 4.312439719144253303e+01 4.099659693334362309e+00 -1.041941108956733686e+01 4.310553746041103551e+01 4.099599402790772729e+00 -1.041744408574940728e+01 4.310003981699092890e+01 4.099964188177605884e+00 -5.316760203743699925e-02 1.524456532334869940e-01 -1.163067528721700022e-02 -5.316760203743699925e-02 1.524456532334869940e-01 -1.163067528721700022e-02
-1.807378195552019307e+01 1.045140984079949753e+01 3.213973446633924880e+01 -1.830766182886561921e+01 1.043488009223481150e+01 3.192144827190203316e+01 -1.830867669168902623e+01 1.043633301286720538e+01 3.191810449524701099e+01 5.029768518768899799e-02 -5.145219854834499895e-02 9.568907638050000442e-02 5.029768518768899799e-02 -5.145219854834499895e-02 9.568907638050000442e-02
1.028761247106209531e+01 5.539905212703486370e+01 2.727734519186827189e+00 1.027863940418312971e+01 5.539980242297167479e+01 2.726018334236385066e+00 1.028180485172167913e+01 5.540320490678616494e+01 2.734190808829268793e+00 -9.182453318149499943e-02 -9.422238253586399936e-02 -2.274742089044279880e-01 -9.182453318149499943e-02 -9.422238253586399936e-02 -2.274742089044279880e-01
-1.423509268247875781e+01 4.221266968016022503e+01 1.826110021779163972e+01 -1.417776329428848037e+01 4.224610457838952726e+01 1.833880326280457496e+01 -1.418233284803229921e+01 4.224939851232521448e+01 1.833317125851422347e+01 1.461248593721030109e-01 -9.616290780923500425e-02 1.901042220521720061e-01 1.461248593721030109e-01 -9.616290780923500425e-02 1.901042220521720061e-01
3.148847584546728839e+01 -6.626549558411690910e+00 -4.323788652266475196e+01 3.147720691142936644e+01 -6.629439599713972342e+00 -4.323968464009103485e+01 3.147939412549986571e+01 -6.633157317966918320e+00 -4.323669127941629853e+01 -6.111305818692099739e-02 1.050470869662210038e-01 -8.374086162438899861e-02 -6.111305818692099739e-02 1.050470869662210038e-01 -8.374086162438899861e-02
-2.642825582702226228e+01 -2.734820475237600945e+01 -2.005402708409714663e+01 -2.650953246465543245e+01 -2.733994101267364840e+01 -1.995079132336093508e+01 -2.651459857728887926e+01 -2.734192019069796586e+01 -1.995349873189190859e+01 1.321091605616200038e-01 5.379148334062300307e-02 6.658567107077399683e-02 1.321091605616200038e-01 5.379148334062300307e-02 6.658567107077399683e-02
9.882610537490299496e-02 -1.491145134371934589e+01 -7.238116093471424151e+00 9.431078014735999604e-02 -1.491375114344506692e+01 -7.243961487306276759e+00 8.456920526625699708e-02 -1.491924111339733905e+01 -7.244320697462653946e+00 2.769908458529620199e-01 1.536142993441380056e-01 1.180270588622400058e-02 2.769908458529620199e-01 1.536142993441380056e-01 1.180270588622400058e-02
-5.193248405484164110e+00 -5.994351084785487416e+01 3.770304793598089077e+01 -5.340982120959594681e+00 -5.990580937442904030e+01 3.775279981636554538e+01 -5.336470261784014291e+00 -5.990655361313523741e+01 3.775320399176663244e+01 -1.419713942599939993e-01 2.958546457206700023e-02 -1.145845227215100057e-02 -1.419713942599939993e-01 2.958546457206700023e-02 -1.145845227215100057e-02
1.163651206888392231e+01 -2.210455998092859886e+01 -9.364077900548800626e-02 1.164385425929611095e+01 -2.209858650181563178e+01 -9.555992201744900605e-02 1.165326536812451330e+01 -2.209861621728751757e+01 -1.011467004380860041e-01 -2.651451828647339859e-01 -1.962376904692000185e-03 1.557436761744100118e-01 -2.651451828647339859e-01 -1.962376904692000185e-03 1.557436761744100118e-01
7.002873918459388669e+00 -3.933284849165353148e+00 2.219689325171905736e+01 6.880847320101292297e+00 -3.931100585376444023e+00 2.235418726570909342e+01 6.876757646122998224e+00 -3.935082986621881052e+00 2.235521350384978234e+01 1.314094443786640032e-01 1.401158903405189948e-01 -2.282688762728300041e-02 1.314094443786640032e-01 1.401158903405189948e-01 -2.282688762728300041e-02
-4.069618238303810642e+01 -2.797009795074821170e+00 2.454566762788970014e+00 -4.069638478702402296e+01 -2.798101805312343870e+00 2.454150818739817108e+00 -4.070339782586555089e+01 -2.795150694355298171e+00 2.454822026850719041e+00 1.963767085175369964e-01 -8.209988771598999979e-02 -1.830209489699900077e-02 1.963767085175369964e-01 -8.209988771598999979e-02 -1.830209489699900077e-02
-1.165175167333109130e+01 -1.790993948496672772e+01 5.818449194741013741e+01 -1.185250800146716621e+01 -1.801320816395331903e+01 5.821254551809602873e+01 -1.184587235494584867e+01 -1.802127326440515276e+01 5.821268020586442304e+01 -2.025039875967430125e-01 2.379444569431060086e-01 -1.332307655580199958e-02 -2.025039875967430125e-01 2.379444569431060086e-01 -1.332307655580199958e-02
9.668964234534159985e+00 1.050249656913413432e+01 1.954163558616643925e+01 9.676180718668595304e+00 1.050924545019531742e+01 1.953849567015815225e+01 9.675124258157349999e+00 1.050408673618216149e+01 1.955235176485523496e+01 3.286020341464999939e-02 1.460071884749830073e-01 -3.924232185541839946e-01 3.286020341464999939e-02 1.460071884749830073e-01 -3.924232185541839946e-01
-7.998998289411069607e+00 1.861606456012041111e+00 -1.070986427815147968e+00 -7.956170029501275387e+00 2.093479255832351171e+00 -8.851841402521889446e-01 -7.956143200600575227e+00 2.089362191659643209e+00 -8.826253571790779739e-01 5.602612577656000160e-03 9.930272442949099332e-02 -7.736468861681300435e-02 5.602612577656000160e-03 9.930272442949099332e-02 -7.736468861681300435e-02
3.100947698854597334e+01 -1.313283394271996585e+01 3.198381126407768704e+01 3.100210394442722617e+01 -1.316137200398495466e+01 3.197429868116077856e+01 3.100577493498244053e+01 -1.316267461643121628e+01 3.197577848196291939e+01 -1.020276067451099944e-01 3.536386174850299907e-02 -4.269634944542999994e-02 -1.020276067451099944e-01 3.536386174850299907e-02 -4.269634944542999994e-02
3.174135471700836320e+01 -2.678580179743320144e+01 1.536742176984067143e+01 3.178447066887886407e+01 -2.668743728405569016e+01 1.527296223902164130e+01 3.178166820785515156e+01 -2.668273093639052718e+01 1.526990613634959182e+01 7.994460261604299789e-02 -1.565587991164220094e-01 1.028949429506929997e-01 7.994460261604299789e-02 -1.565587991164220094e-01 1.028949429506929997e-01
4.936089657844495271e+00 -1.605727701249425010e+01 3.985945464958413709e+01 4.923473193265745174e+00 -1.605751528956594854e+01 3.985977188912305991e+01 4.919192357636831936e+00 -1.605736577811505938e+01 3.985309983479295681e+01 1.196649433231130044e-01 -3.057142534054999982e-03 1.872059532090689926e-01 1.196649433231130044e-01 -3.057142534054999982e-03 1.872059532090689926e-01
-1.712429579149573300e+01 -5.098855876361737671e+01 1.626083973395440907e+01 -1.739809828867176122e+01 -5.098837384701151620e+01 1.625919396514398585e+01 -1.739851128297347671e+01 -5.099063554489417527e+01 1.626249471433606786e+01 -8.960144316803999448e-03 6.253934436087399407e-02 -9.388511581868300149e-02 -8.960144316803999448e-03 6.253934436087399407e-02 -9.388511581868300149e-02
-3.388347461845421016e+00 -4.550027535661758549e+01 1.538564196515796212e+01 -3.390000404658934041e+00 -4.550113968584632573e+01 1.537077334920373595e+01 -3.391238355347694799e+00 -4.548885591731164624e+01 1.536935039007811099e+01 3.706342722665800088e-02 -3.433684039724769765e-01 3.741945129437899975e-02 3.706342722665800088e-02 -3.433684039724769765e-01 3.741945129437899975e-02
1.399387444588223239e+01 -2.333081993298350199e+01 8.350072936951802305e+00 1.381045705923821743e+01 -2.315895708626182170e+01 8.351997561859713315e+00 1.381246371255866201e+01 -2.315895051010474148e+01 8.342080544436607070e+00 -5.571894502371199653e-02 -5.723436575205000099e-03 2.956642414688799847e-01 -5.571894502371199653e-02 -5.723436575205000099e-03 2.956642414688799847e-01
-8.614335381305087580e+00 1.009279955367472148e+01 1.546947006048858242e+01 -8.605380523950568517e+00 1.008285714523359466e+01 1.548239352161681026e+01 -8.602233841135504377e+00 1.006903753093791209e+01 1.548509159203571706e+01 -9.114286509461499985e-02 3.877809210246370153e-01 -7.964206848035100539e-02 -9.114286509461499985e-02 3.877809210246370153e-01 -7.964206848035100539e-02
-2.827434704330130000e+00 -1.492701732031293282e+01 1.505212686939370670e+01 -2.816344976053997140e+00 -1.482343261323556582e+01 1.509613233352466466e+01 -2.820717188528476083e+00 -1.482237635248622176e+01 1.509897246932795412e+01 1.261424065125900107e-01 -2.750493519790999861e-02 -6.636844249024999309e-02 1.261424065125900107e-01 -2.750493519790999861e-02 -6.636844249024999309e-02
-2.710477960460985969e+01 4.125316376808595464e+01 2.095098131868768832e+01 -2.711379615093502693e+01 4.126541968956577477e+01 2.094672417029713785e+01 -2.711520773972761944e+01 4.126235267152149078e+01 2.094888226759011829e+01 3.912479502251200308e-02 8.770656057401300665e-02 -5.966473738389400233e-02 3.912479502251200308e-02 8.770656057401300665e-02 -5.966473738389400233e-02
-2.516336442994015243e+01 -2.393229069870770054e-01 4.493776349844245566e+00 -2.519702914249244330e+01 8.530455429876999604e-03 4.586548067726684330e+00 -2.519916753447327196e+01 1.993508212866300019e-02 4.586739289663380070e+00 5.737468672803500147e-02 -3.074958344829999968e-01 -1.558543930857999964e-02 5.737468672803500147e-02 -3.074958344829999968e-01 -1.558543930857999964e-02
5.932594485503337012e+00 1.567029921012115068e+01 6.860205389674212562e+00 5.933455520333120958e+00 1.566011495816437638e+01 6.857564554483292163e+00 5.927255708942262835e+00 1.565685327466202104e+01 6.857161891938648779e+00 1.740748573679730127e-01 9.240566877097100562e-02 1.187230044352700041e-02 1.740748573679730127e-01 9.240566877097100562e-02 1.187230044352700041e-02
2.578384147299197338e+01 5.167909792922161571e+00 2.629087900091898966e+00 2.571614640070456304e+01 4.909496456649186769e+00 2.630611545079378999e+00 2.571912213265826708e+01 4.907941770170388907e+00 2.633333033079003904e+00 -7.783697792487499767e-02 5.700722975266000331e-02 -8.146877114355499661e-02 -7.783697792487499767e-02 5.700722975266000331e-02 -8.146877114355499661e-02
-2.512293754968635184e+01 8.465107821561550949e+00 1.849179217558853239e+01 -2.511812392871640043e+01 8.468492638318437571e+00 1.849010764085058867e+01 -2.511172871952184593e+01 8.469753759022667694e+00 1.849085700829662571e+01 -1.833059961972370033e-01 -3.499751592656399901e-02 -2.017669045571600026e-02 -1.833059961972370033e-01 -3.499751592656399901e-02 -2.017669045571600026e-02
-3.626351054343616198e+01 -1.495342401818026801e+01 1.624842936765813306e+01 -3.625110785060722662e+01 -1.497358503676017882e+01 1.600654502402932522e+01 -3.625051393880900719e+01 -1.497002678061441117e+01 1.599709551890695103e+01 -5.680826427563999761e-03 -9.660238044291599713e-02 2.693798793416860016e-01 -5.680826427563999761e-03 -9.660238044291599713e-02 2.693798793416860016e-01
5.807033625333582805e+00 2.595477890329087955e+01 -1.380873021976469062e+01 5.813106748670835877e+00 2.595693855930970884e+01 -1.381191560598049328e+01 5.807151490862191068e+00 2.595540539887944576e+01 -1.380690331168626628e+01 1.673409726686249932e-01 4.248106499500300254e-02 -1.417521387677770084e-01 1.673409726686249932e-01 4.248106499500300254e-02 -1.417521387677770084e-01
-7.138477681521609997e-01 2.683708200019235690e+01 -8.447980992564501079e+00 -4.629951146870630030e-01 2.672509773654676124e+01 -8.377245613539496816e+00 -4.674934750660389993e-01 2.672167609045494885e+01 -8.373814834804441887e+00 1.259146862660590060e-01 9.323623666137399735e-02 -1.105811962563089945e-01 1.259146862660590060e-01 9.323623666137399735e-02 -1.105811962563089945e-01
7.069627454862607863e+01 4.376998756293481563e+01 9.167492508000284701e+00 7.068321767594474636e+01 4.377566930863781636e+01 9.168418095522262945e+00 7.068515618458613403e+01 4.376308094271083604e+01 9.165887465343958596e+00 -5.918307216617899741e-02 3.574538172137829983e-01 7.305558413887100477e-02 -5.918307216617899741e-02 3.574538172137829983e-01 7.305558413887100477e-02
-4.403632799069804804e+01 9.391628055031649325e+00 -5.341836126975780807e+00 -4.432328636004088196e+01 9.537776542144941416e+00 -5.233506142412101880e+00 -4.431717990213595471e+01 9.536944442520740139e+00 -5.226941896056572112e+00 -1.741928675996650133e-01 3.586034462576700305e-02 -1.883799465791549943e-01 -1.741928675996650133e-01 3.586034462576700305e-02 -1.883799465791549943e-01
-2.061966406625173942e+00 -8.782992451300634329e+00 1.048971041679294380e+01 -2.063439547258827833e+00 -8.777914385273390963e+00 1.047933371918300338e+01 -2.057863750054787833e+00 -8.781176490816736901e+00 1.048261557747091643e+01 -1.583027575285529953e-01 9.363977773408499461e-02 -9.268533811993200089e-02 -1.583027575285529953e-01 9.363977773408499461e-02 -9.268533811993200089e-02
8.873990939516451348e+00 2.657726822188173443e+01 3.959319816281682591e+01 8.810478436895932575e+00 2.648570043831305654e+01 3.959581915210944203e+01 8.811661145708230336e+00 2.648705281099832476e+01 3.959601265147389881e+01 -4.430882906173100322e-02 -5.039715655689600005e-02 1.095089284442199960e-02 -4.430882906173100322e-02 -5.039715655689600005e-02 1.095089284442199960e-02
-2.445852395591197492e+01 -3.396171135553657194e+01 1.812905776006746805e+01 -2.445496472011310374e+01 -3.394604336597981842e+01 1.812740298475950951e+01 -2.446733876099494154e+01 -3.395485065672735914e+01 1.813486541642521033e+01 3.491253376184270119e-01 2.488611144354639926e-01 -2.090806145534080118e-01 3.491253376184270119e-01 2.488611144354639926e-01 -2.090806145534080118e-01
7.622431507575313958e+00 -7.286967313430420257e-01 3.515111991411232850e+01 7.736088682543543982e+00 -8.645908221629420298e-01 3.525462100037083246e+01 7.731739842773431626e+00 -8.645381389950570483e-01 3.525230629682351235e+01 1.250174690208059880e-01 -1.149371351652300061e-02 7.147884486258400394e-02 1.250174690208059880e-01 -1.149371351652300061e-02 7.147884486258400394e-02
-5.211815392635494959e+01 -2.232107199100677164e+01 2.399551042033505510e+01 -5.212020615857945671e+01 -2.232684652664547187e+01 2.399315899379800499e+01 -5.212602708757672332e+01 -2.233266734643257223e+01 2.399533934760637877e+01 1.654128021492309863e-01 1.638918247350069912e-01 -6.103843775695300122e-02 1.654128021492309863e-01 1.638918247350069912e-01 -6.103843775695300122e-02
-3.581818409348559129e+01 -2.499531373631478814e+01 2.959912549674992377e+01 -3.564244276010298051e+01 -2.495829074322535845e+01 2.965376328295128516e+01 -3.563845615962786439e+01 -2.496319204826295746e+01 2.965244486699991455e+01 -1.237510109223390053e-01 1.291564633128489958e-01 2.722349047512100106e-02 -1.237510109223390053e-01 1.291564633128489958e-01 2.722349047512100106e-02
2.564418841953005312e+01 -4.840325422869150884e+01 2.645232332169225842e+01 2.563486156609023681e+01 -4.840590510005091573e+01 2.644873481446339625e+01 2.563340054129639967e+01 -4.840554231729414880e+01 2.644273808071454823e+01 4.273406690587899792e-02 -9.439585853222000333e-03 1.714217726730359881e-01 4.273406690587899792e-02 -9.439585853222000333e-03 1.714217726730359881e-01
-1.619123693147001930e+01 -1.657465188910216991e+00 1.831958876322501339e+01 -1.620020131114863915e+01 -1.754086523896903005e+00 1.837457387014921650e+01 -1.620198714482188151e+01 -1.747698069930426090e+00 1.838126277481024573e+01 6.378307360057700048e-02 -1.775500217346439868e-01 -2.013746396192870047e-01 6.378307360057700048e-02 -1.775500217346439868e-01 -2.013746396192870047e-01
2.178248483134460045e+01 1.155460948596825865e+01 1.386355832187087778e+01 2.178587791485706049e+01 1.155216382743630810e+01 1.386993254064901393e+01 2.178516013710359545e+01 1.154830910047642512e+01 1.386819077965779634e+01 2.097971373829499858e-02 1.088396051687579996e-01 4.918956876740399747e-02 2.097971373829499858e-02 1.088396051687579996e-01 4.918956876740399747e-02
-1.447555236291707814e+01 -2.915165654443826071e+01 5.141108347707124437e+01 -1.446573713493100755e+01 -2.894468756636069884e+01 5.143834894647428513e+01 -1.446735650956569863e+01 -2.894067915255171641e+01 5.143926666244497881e+01 4.223325890335800220e-02 -1.476122267421630108e-01 -4.780014414800200229e-02 4.223325890335800220e-02 -1.476122267421630108e-01 -4.780014414800200229e-02
-3.731720651545290224e+01 -2.786148537336096354e+01 2.086716291123506650e+01 -3.731407868617668555e+01 -2.786715488412733777e+01 2.086726302372513331e+01 -3.730981030136234722e+01 -2.787906976349578514e+01 2.086817488586991942e+01 -1.214566943931650045e-01 3.345630603052999752e-01 -2.488592713126100073e-02 -1.214566943931650045e-01 3.345630603052999752e-01 -2.488592713126100073e-02
-2.226239115098746524e+01 -2.684692706346447721e+01 2.324587156039126157e+01 -2.236070557205740883e+01 -2.678797258163333694e+01 2.307804874055835853e+01 -2.236360890558278314e+01 -2.679293906651673751e+01 2.307885013649966055e+01 8.398421052781500362e-02 1.463996544766880126e-01 -2.055368577799900065e-02 8.398421052781500362e-02 1.463996544766880126e-01 -2.055368577799900065e-02
-7.232877105462389267e+00 -3.095239233959965830e+01 3.437496783037451564e+01 -7.225800498185287246e+00 -3.095674906657284353e+01 3.436550756513120319e+01 -7.219638166156149062e+00 -3.095079994276101232e+01 3.436642797067120370e+01 -1.729357949074629974e-01 -1.648405033197909986e-01 -2.611411321820999998e-02 -1.729357949074629974e-01 -1.648405033197909986e-01 -2.611411321820999998e-02
2.368782022105850871e+01 -2.822649213588933392e+01 2.639439260892935124e+00 2.381103855173902417e+01 -2.832983448301277107e+01 2.715555886615892867e+00 2.381515444487649447e+01 -2.832492120646759659e+01 2.719019365291409862e+00 -1.377893463207360003e-01 -1.344908071145899942e-01 -1.094891265554210069e-01 -1.377893463207360003e-01 -1.344908071145899942e-01 -1.094891265554210069e-01
4.157744087681825107e+01 1.662462775702969608e+01 2.998215342718163967e+01 4.156809332041588334e+01 1.664129743323069732e+01 2.997674882253307516e+01 4.156425332402826456e+01 1.664333317329114337e+01 2.998222032990211261e+01 1.080006625245460011e-01 -5.539717037090399754e-02 -1.533916115325880125e-01 1.080006625245460011e-01 -5.539717037090399754e-02 -1.533916115325880125e-01
7.422182118111499971e-01 9.495462588018165562e+00 1.151963535022800222e+01 7.120997652973379832e-01 9.533492273112006643e+00 1.143394113231191689e+01 7.075988875070340356e-01 9.529152649476870351e+00 1.143423641926920276e+01 1.275051087076649881e-01 1.056972458342560067e-01 -3.996335829059100009e-02 1.275051087076649881e-01 1.056972458342560067e-01 -3.996335829059100009e-02
-5.637054814761514265e+00 -2.286297605331898097e+01 1.867144209598342286e+01 -5.633177575551136407e+00 -2.286404720016821912e+01 1.867506397377238514e+01 -5.642574249581295831e+00 -2.286446664476047275e+01 1.867930816948068795e+01 2.642652735950010157e-01 1.278291885093599950e-02 -1.193776307877180004e-01 2.642652735950010157e-01 1.278291885093599950e-02 -1.193776307877180004e-01
3.209914650461637109e+01 -7.132413982451390133e+00 3.504091726474398172e+01 3.214080361160373656e+01 -7.303800454166366585e+00 3.519041648371312903e+01 3.213708519689490828e+01 -7.299859261978626002e+00 3.518843637706442706e+01 1.040592689576149976e-01 -1.102918526619639933e-01 4.897243494930700325e-02 1.040592689576149976e-01 -1.102918526619639933e-01 4.897243494930700325e-02
1.314108578661960181e+01 -4.578617464177503926e+00 3.960415311100073410e+01 1.314977918896225262e+01 -4.582797346676862560e+00 3.961055257908426341e+01 1.315539499547321611e+01 -4.584253122856521756e+00 3.961254726057117637e+01 -1.592543717031739969e-01 4.195007911144400109e-02 -5.807598907702000296e-02 -1.592543717031739969e-01 4.195007911144400109e-02 -5.807598907702000296e-02
5.414885924902028336e+01 6.642565868028949438e+00 2.508692889249353897e+01 5.417125162363259960e+01 6.473671221039906776e+00 2.500066353599556379e+01 5.417952129801481220e+01 6.478598010069396729e+00 2.500284807496624850e+01 -2.315837564778109869e-01 -1.568276398586050113e-01 -6.195604584794599939e-02 -2.315837564778109869e-01 -1.568276398586050113e-01 -6.195604584794599939e-02
4.269433842692042624e+00 -3.486014051194509022e+00 4.241987117269945173e+01 4.264758454003222177e+00 -3.486862026618092081e+00 4.241418166353138020e+01 4.270359238499245258e+00 -3.489844850296292211e+00 4.240190934689389479e+01 -1.575537435870290048e-01 8.403544618329500393e-02 3.487560279172869926e-01 -1.575537435870290048e-01 8.403544618329500393e-02 3.487560279172869926e-01
-3.249305945072093493e+01 1.529398376245741931e+00 4.432458397184355192e+01 -3.236299709557862059e+01 1.515460643577724920e+00 4.414903552995201608e+01 -3.235907041292068698e+01 1.513985714149655992e+00 4.415357904149352208e+01 -1.267814820310110002e-01 4.147843868525100119e-02 -1.221753329975580060e-01 -1.267814820310110002e-01 4.147843868525100119e-02 -1.221753329975580060e-01
3.232453462278174872e+00 -4.914249632046400335e-02 1.324319355734440862e+01 3.247095232758355099e+00 -4.836712761934999771e-02 1.324324443423990161e+01 3.243783741723050174e+00 -5.465192608753700193e-02 1.323723705012178264e+01 9.500518086045800503e-02 1.768920821934550081e-01 1.693155153635670096e-01 9.500518086045800503e-02 1.768920821934550081e-01 1.693155153635670096e-01
3.939352652644956265e+01 2.350051167596620871e+01 2.385319292989579765e+01 3.931364923072261774e+01 2.354020125328240454e+01 2.377997306181751469e+01 3.930203237629819313e+01 2.354620329020199421e+01 2.378614637477038229e+01 2.874464354380990017e-01 -1.809415983730769950e-01 -2.217184196094099946e-01 2.874464354380990017e-01 -1.809415983730769950e-01 -2.217184196094099946e-01
1.762179992782782634e+01 7.896343107459413702e+00 6.575108332245305576e+01 1.761325636344310297e+01 7.889260288791763109e+00 6.575340636955790785e+01 1.761293960984632534e+01 7.888090115262370361e+00 6.575301190031018450e+01 1.006583634240799940e-02 3.274360561923100182e-02 1.068189955982799984e-02 1.006583634240799940e-02 3.274360561923100182e-02 1.068189955982799984e-02
-7.011449803808641690e+00 3.529071598346432381e+01 1.119474627316475157e+01 -7.001597733432378234e+00 3.521416715549865728e+01 1.112681971528762404e+01 -6.998239676493727579e+00 3.521130343316148270e+01 1.112839878919446157e+01 -9.768894163007800502e-02 7.096365324708199529e-02 -5.052284435777899818e-02 -9.768894163007800502e-02 7.096365324708199529e-02 -5.052284435777899818e-02
4.276010126103297893e+01 -7.345600484262221563e+00 2.436461133778258414e+01 4.276918968069674776e+01 -7.347530972803638427e+00 2.435911155155723407e+01 4.276471196985616530e+01 -7.358136955981228411e+00 2.435623259256789552e+01 1.290050494770990097e-01 3.012455456716119917e-01 8.236967598226299647e-02 1.290050494770990097e-01 3.012455456716119917e-01 8.236967598226299647e-02
4.383334832694283989e+01 2.369764436094263260e+01 4.299273184489432964e+01 4.370787087320947961e+01 2.389426381673145272e+01 4.290571400478879127e+01 4.371106907674781894e+01 2.389894277624539143e+01 4.290009058006338449e+01 -7.804798413183899886e-02 -1.238208338839450057e-01 1.863799264378190046e-01 -7.804798413183899886e-02 -1.238208338839450057e-01 1.863799264378190046e-01
-1.030103950843514049e+01 -4.686788277044889872e-01 3.307080085938288505e+01 -1.031227687332175158e+01 -4.734195967326539911e-01 3.306448366094155489e+01 -1.031989830505593631e+01 -4.738880055002859804e-01 3.306351879826049611e+01 2.158743221560329995e-01 1.439572881805900074e-02 2.805508919093399958e-02 2.158743221560329995e-01 1.439572881805900074e-02 2.805508919093399958e-02
-2.791800359277285981e+00 8.911961790556322427e+00 5.314778615543328755e+01 -3.031119742170600873e+00 8.876882456744880301e+00 5.321623233606388226e+01 -3.030168204689378086e+00 8.871906236601768470e+00 5.321985208201146378e+01 -1.219789181148800070e-02 1.409028030746170002e-01 -8.524027188259800103e-02 -1.219789181148800070e-02 1.409028030746170002e-01 -8.524027188259800103e-02
3.204121928590041968e+00 -5.110613749113980253e-01 2.693035889777726055e+01 3.185283201154670785e+00 -5.032769725328539723e-01 2.695091775580442217e+01 3.183238416245703917e+00 -5.019837545707790394e-01 2.695178427159910939e+01 5.671376524780900180e-02 -3.554925496881999880e-02 -2.329917900218399923e-02 5.671376524780900180e-02 -3.554925496881999880e-02 -2.329917900218399923e-02
-7.185600157895803086e+00 3.437608015598204503e+01 2.550469575716346426e+01 -7.348767698898647005e+00 3.447433008565420920e+01 2.560742884331207136e+01 -7.343367486148664192e+00 3.448216848672182522e+01 2.561036206431721496e+01 -1.838036527837710044e-01 -2.116227290219760138e-01 -1.067526362434700060e-01 -1.838036527837710044e-01 -2.116227290219760138e-01 -1.067526362434700060e-01
-1.687756328678510442e+01 -1.567001460077484509e+01 1.191989378203028238e+01 -1.687905173236962497e+01 -1.566419816811662358e+01 1.192382818557738133e+01 -1.688507874698928646e+01 -1.564871222977040865e+01 1.193100803415967093e+01 1.696744749624509996e-01 -4.340030651328780076e-01 -2.018488409750739954e-01 1.696744749624509996e-01 -4.340030651328780076e-01 -2.018488409750739954e-01
1.912841240898599082e+00 4.286056717506117764e+01 2.366777609356702072e+01 1.897750723090990910e+00 4.288163871321748388e+01 2.386665818333596789e+01 1.903282807266216903e+00 4.287936281966859298e+01 2.386638545083575025e+01 -1.508704541073919991e-01 7.326609261726499400e-02 1.825933526424200135e-02 -1.508704541073919991e-01 7.326609261726499400e-02 1.825933526424200135e-02
2.692403731857795535e+01 2.088814655988552005e+01 3.675174651150221194e+01 2.691978580509475805e+01 2.088734629759773043e+01 3.674143481961342417e+01 2.691686301123230862e+01 2.089364789748132978e+01 3.673762290822057963e+01 8.032775736390700139e-02 -1.783330916654790044e-01 1.070792774408119985e-01 8.032775736390700139e-02 -1.783330916654790044e-01 1.070792774408119985e-01
-1.673890802717117054e+01 4.821953591323091359e+01 3.378859992580832738e+01 -1.663657467139551827e+01 4.842753000829040388e+01 3.386465541129683743e+01 -1.664104490276742965e+01 4.842954368768654660e+01 3.386338289495612486e+01 1.259157868143760128e-01 -4.710022480623399926e-02 4.444005251099000103e-02 1.259157868143760128e-01 -4.710022480623399926e-02 4.444005251099000103e-02
-4.616913041909947424e+01 4.593029749808151507e+01 1.431044227793980994e+01 -4.616717679102901428e+01 4.593118539814341261e+01 1.429753525772877332e+01 -4.616687109037390258e+01 4.592872916318756182e+01 1.429449443684038101e+01 -8.112758904053999492e-03 6.880604915954699474e-02 8.602336559303899732e-02 -8.112758904053999492e-03 6.880604915954699474e-02 8.602336559303899732e-02
-3.110795902649157174e+00 4.447725575672269116e+01 3.743393418586367716e+01 -2.961145047877522085e+00 4.446007806179446931e+01 3.725032254332605675e+01 -2.964017711747958916e+00 4.445942962837857237e+01 3.724505381852029728e+01 8.956090497528700067e-02 1.780514837522599939e-02 1.464646685897330047e-01 8.956090497528700067e-02 1.780514837522599939e-02 1.464646685897330047e-01
3.699032086402391428e+01 2.455073478774306039e+01 -2.458428297112386218e+01 3.698609472546418431e+01 2.454982904101320074e+01 -2.459672353504107178e+01 3.697202058111949441e+01 2.455325326522561014e+01 -2.459847108281715222e+01 4.009135166942789930e-01 -9.666090333299899584e-02 5.022563608296599924e-02 4.009135166942789930e-01 -9.666090333299899584e-02 5.022563608296599924e-02
1.702897948896670499e+01 -1.003199914602347143e+01 -5.891493910397561251e+01 1.707594667155651180e+01 -9.879728350154310945e+00 -5.901996523828648833e+01 1.707217955546590815e+01 -9.881345700975021629e+00 -5.902486666326318243e+01 1.030058547134589941e-01 5.505699433566500073e-02 1.681720181142239978e-01 1.030058547134589941e-01 5.505699433566500073e-02 1.681720181142239978e-01
-1.027677414641171616e+01 -9.189187755330509688e+00 -1.465654812529276896e+01 -1.027889928360222171e+01 -9.184765317496943027e+00 -1.464818743654309507e+01 -1.028983204416395303e+01 -9.187702906881565212e+00 -1.464407764252647226e+01 3.074722676603550142e-01 8.430009701731500105e-02 -1.160476685138550068e-01 3.074722676603550142e-01 8.430009701731500105e-02 -1.160476685138550068e-01
