216	62.691574647536811
29.853645574256845	45.117649057041461	-100.404824938117841	29.764774063455135	45.175490316437489	-100.322295894352195	0.109333396042512	-0.084292507875797	-0.103651857636891	29.777519806580770	45.163744383520495	-100.334584736126118
25.061389635589169	40.795181009249461	-104.321410546194983	25.070756748622877	40.775041689582743	-104.354616776802544	-0.078235915905008	0.123418314904030	0.225835789500599	25.059847385936155	40.792795098755590	-104.322264236195593
38.795471255924753	32.759523624304983	-102.836624661361910	38.699101853210045	32.689946923844111	-102.663229332284502	0.027018888035092	0.242011403256375	-0.136052834233677	38.703942631068017	32.724795096758562	-102.682448034587608
74.043603069582232	45.525727618312033	-111.174558206786642	74.029234342729552	45.539488168100426	-111.171071714659817	0.093801657417162	-0.084163628778183	-0.011616169023745	74.042735890337923	45.527395234567010	-111.172954723850694
20.776211322585812	45.691351336981029	-109.918664081368206	20.847388507182661	45.638758458802243	-109.924820174669691	0.032212762206145	0.187451893090038	-0.060770941940371	20.847331945265850	45.665567478708937	-109.933081678566282
17.583471284117230	46.277914393948123	-95.412793705035568	17.598785825013831	46.264445122267318	-95.382583882028072	-0.090729293787017	0.118214041072730	-0.238811740110738	17.585383165389477	46.281037361259841	-95.416067873418797
21.163028257990508	56.283691583074059	-101.153698185284526	21.289557085376966	56.375872459561229	-101.208429890222206	0.239406268489128	0.030111486627415	-0.352793030622716	21.320146469096741	56.381205075800501	-101.256554013128010
18.950282766819477	50.553428348703335	-118.844892381737480	18.917088775269324	50.533975773270988	-118.819236426955953	0.245204441360174	0.137267055352512	-0.179513263685373	18.951894231856603	50.553444378588665	-118.845026316871014
33.108819263326986	58.479142044578637	-99.306804370842571	32.995660765981064	58.492285025418049	-99.426612617862460	0.020150595146075	0.032481693015798	-0.123472094092686	32.998884357829944	58.496582028858647	-99.444274137368282
26.282082681258387	63.588591495892167	-100.854459708890346	26.275663370194042	63.579354608009432	-100.860839401422623	0.042402327001767	0.071101058097137	0.048895913005069	26.281813191202467	63.589409960947030	-100.853891187636634
9.936854680074113	63.014639324693697	-110.654026680324691	9.878876975720068	62.972656000285241	-110.473986194030545	-0.100276577900146	0.140133135346103	-0.097597754418986	9.867141340118865	62.992538873056461	-110.486754084425073
16.639380505231941	60.275017741187050	-105.859322379038744	16.629269372963233	60.279847458228637	-105.850464020095231	0.057933665110012	-0.037181824650044	-0.073658967673908	16.637859283710121	60.274544072047718	-105.860758452574871
44.974249224124790	60.806412853681152	-107.738377091845337	44.993710920394435	60.933436096645778	-107.545038941803611	0.184066820812158	0.218927522361344	-0.322647100439953	45.021246316354073	60.965145701057011	-107.589619573099569
50.238575198044806	51.766322090285392	-109.812814762251321	50.225784204971291	51.766839985467726	-109.780823151261842	0.094064004066623	0.000725850146264	-0.224816769297043	50.239364722920882	51.766816108424756	-109.812750920375535
59.932938904318924	65.108886065881279	-100.402908990263811	59.950598513994962	65.051058935616766	-100.183497435509679	0.079368780609839	-0.051566648139573	-0.258248015732108	59.958064283407047	65.043170720482607	-100.217590817642289
37.831059651637567	76.182418683095847	-96.127960268838123	37.812638012141015	76.204715875004680	-96.130577657874554	0.137875913946660	-0.161483362569572	0.018488870910840	37.832334383274656	76.181521961045959	-96.127947405763393
31.284024129603377	73.277703130926270	-92.416295113369443	31.198500033461496	73.292286706905813	-92.341476150265848	0.092795850641663	0.141576453679973	-0.080218639572116	31.213421453335670	73.311773187850733	-92.354169753504976
35.779000404401373	62.878084665487144	-88.355447931103910	35.734221600130660	62.854906514213233	-88.325574014228323	0.296630770120042	0.162852244880995	-0.219313996549967	35.776651125736514	62.878214862196096	-88.357051711766360
56.046931264863872	69.342239022727199	-111.358705446170575	55.926756476902305	69.486615440230878	-111.577980566983697	0.030739535312523	0.023853975639840	0.072253860560196	55.928994212683037	69.489654622259152	-111.568107516569356
62.382853710213354	72.751048012523967	-115.010037394010766	62.352112965148550	72.758570343952584	-114.994557607745236	0.223560579287165	-0.048192495124510	-0.112844106609382	62.383950804724755	72.751716623882274	-115.010327953306046
19.197992980959462	67.714356593096468	-94.723590999237359	19.352418235479931	67.689758237568284	-94.522292734730826	0.143357907264940	0.161696016896257	-0.208725843784682	19.370187220350772	67.712423597944493	-94.551878214162699
34.376641505439302	84.975540881984358	-70.196718516705516	34.338696931519209	84.976889975342274	-70.161868644235014	0.265060005779284	0.000076942686592	-0.225717340992866	34.376467725726883	84.976940287843618	-70.194285469052673
33.598295439599539	98.675815379044906	-85.908665245156200	33.512401805703163	98.619080932330448	-85.720976579561963	-0.111486552327559	0.066797120889262	-0.028023569736031	33.497689980473801	98.628628788224745	-85.724424268494488
44.050587739003575	71.116632632342998	-127.999072061248810	44.057058022906929	71.104923176498815	-127.947430832585198	-0.035553505647660	0.074656009798229	-0.366872332265706	44.051838799138210	71.115830073268484	-127.999350971797412
69.052170967200794	69.771086034613660	-120.460217331092863	68.986984887033231	69.796397023326520	-120.430772559051988	-0.021298727026866	0.064411300088810	-0.174224315457721	68.985861695509257	69.806893956440433	-120.455980649434238
23.205562687330207	73.000796001503119	-103.522235463061193	23.180135288505927	72.953188429571085	-103.500348278270209	0.163840618021737	0.347219120054062	-0.146246170563813	23.203781928196971	73.002388807357022	-103.521227348481887
13.324099381184755	76.790221461197035	-104.357276346292423	13.233411370127273	76.768877537272033	-104.465851677637005	-0.071692732018241	0.113531266127210	-0.030375752918855	13.227262829815206	76.785991312518561	-104.473234993629632
41.284747924700902	17.956629118536338	-105.607653906734470	41.283866268417150	17.920403212452964	-105.571521157391658	0.023258368525685	0.256751903383318	-0.270873367027054	41.287071921223166	17.956911497723155	-105.609739063803090
67.041881722531713	40.061569071507883	-107.822142318963316	67.172431075994041	40.036379665620586	-107.891385446711837	-0.043041095086488	0.107338425305832	-0.061004900333425	67.165976710534849	40.053771901020937	-107.900830191197770
57.390663556441588	26.572571900277111	-103.993207574761612	57.392291366820047	26.582808927640968	-103.982571850641676	-0.017923737087203	-0.070152565167512	-0.084620481395277	57.389936594540430	26.572769115536861	-103.994442383836798
11.458607107380695	26.390538505636901	-96.148951798054640	11.214511778218487	26.480621914741523	-96.234838095782436	0.017506318370274	-0.102099514314923	-0.146636124552842	11.219670849169157	26.466933120366811	-96.253631647869739
7.167519426424544	15.997234395203984	-120.842174835693967	7.167912543530118	15.988280171885656	-120.815423238391332	0.046078897862173	0.041250395107099	-0.218237396668331	7.173398341125281	15.994966266477606	-120.845701563710705
21.969232814330066	31.595093601872968	-105.259432890110645	21.988536330039516	31.680346161639900	-105.411112074302864	0.097800438173466	0.079919590375591	-0.123845803821034	21.999373108491724	31.689472127608433	-105.426626141684451
28.115675745009924	54.051965377875298	-104.209545377086215	28.092561994413206	54.038512002097072	-104.210984591045474	0.171335996977810	0.079526647263050	-0.005790454641548	28.116937403148079	54.050375007279875	-104.211616141535572
68.661560665120788	51.330041435778867	-102.375362419485995	68.469460822980295	51.285975371655653	-102.313942086217438	0.077567998138137	-0.000102803195566	-0.001711150267991	68.481323141403067	51.287870956285374	-102.314821260285981
-2.585313757989272	53.493500334902009	-75.941401835089550	-2.626989551577326	53.489343033125060	-75.921503508414531	0.292633927076486	0.037676450551722	-0.128825751462022	-2.585412041731647	53.494598522033776	-75.939757045838476
13.233345010693975	48.267451151426641	-89.641480286446040	13.298354473787022	48.165266864818378	-89.584893428250027	-0.032440879421428	-0.040586643438795	-0.145769582246319	13.291938882656698	48.158707587515025	-89.606426290456056
14.403853455921951	60.769312947805119	-91.643028824770170	14.433097664627992	60.726278132703747	-91.644491009123840	-0.198678405056259	0.296555922647303	-0.001820562769258	14.404847715467954	60.768349935639385	-91.644321993785255
34.334523253717570	57.513401484950485	-74.618098301353911	34.253421148863545	57.587189997922287	-74.506181497380283	0.235674229124688	-0.076093946294345	-0.186319126258732	34.286791405033824	57.580338546633129	-74.532002472297677
50.374878851432001	64.670330305899782	-100.551030673640867	50.351982320887132	64.658521469995762	-100.500596690319341	0.159807600054012	0.089129912316637	-0.365262874899533	50.374491494945779	64.671006487109750	-100.552382534678074
10.654481378151457	62.875537249144351	-99.914351327139698	10.714156689135729	62.891886046428709	-99.978518242997694	-0.193422761948490	0.200983643914150	-0.119448565066797	10.688063863860899	62.916682218882102	-99.996305998409269
17.032895750392555	61.330232821578505	-79.205788635648517	17.067427598810486	61.313424284033694	-79.213957403365853	-0.242254048620066	0.119138984151957	0.052187791851776	17.032824297732038	61.330307523567214	-79.206205415092171
26.802588068848706	47.734992640715397	-85.061171847753229	26.783332708403638	47.665214964195151	-85.012694521111996	-0.080421691740821	0.020996391824000	-0.114892693885142	26.773733910649245	47.667018738776200	-85.029435023168830
30.254348110453979	51.076441518347266	-92.451421032000155	30.230800407078533	51.094309365136375	-92.440493244766657	0.161902885946647	-0.124020643337289	-0.079610214537100	30.253608099135544	51.076783819381440	-92.451938589180017
34.433352079700256	70.617309703880949	-80.707645857623760	34.420139349183536	70.724574053872445	-80.438694001496245	-0.038144435842469	0.171174053011926	-0.241234730163571	34.414538498494331	70.750670347827764	-80.472848064139171
24.770050884743018	69.516959934084582	-89.164047274534838	24.767987892921745	69.499738807817494	-89.158874400759771	0.017128487509062	0.116611561451164	-0.018477849495871	24.770377716448447	69.516342377621200	-89.161697832884130
28.161459551234518	59.818618828451669	-83.348023894947900	28.113078699266485	59.833120150453112	-83.408388262661305	-0.116136844284129	0.063607692991809	-0.136276484041792	28.096877947151061	59.842156301035757	-83.423713415436538
18.256712533391259	46.083304505291281	-83.205901761520678	18.268071958092143	46.042096959624985	-83.189898646866467	-0.069423590981982	0.284109895840313	-0.113387633011052	18.257817722887925	46.082470597441876	-83.205920848734849
39.548061763415667	83.081776133556218	-90.889336469946386	39.548335766005920	83.091832042699167	-90.858433402785053	0.202805670956077	-0.089273466696377	-0.056351933808621	39.577998533636034	83.079959659092083	-90.865313260916338
44.636178691316253	81.780502778496086	-83.917079268930053	44.620389068990356	81.792858475395704	-83.899974257832127	0.107773332695270	-0.080008131651542	-0.119627763025328	44.635785888428941	81.781568733134606	-83.917009389220809
52.483793984830548	72.071834202689089	-94.469860194646927	52.523824756593584	72.119702948921471	-94.539286772724410	0.106845848383166	0.059206498652051	-0.219204873338368	52.540904514511794	72.126130921951685	-94.569212841321757
19.070961031789416	83.260524346758018	-78.923786651688332	19.058444328300499	83.221377542705667	-78.917915135750448	0.081905619230779	0.280807561355560	-0.038373314705112	19.070268077287921	83.261124174671963	-78.923502655207329
22.106639532980846	77.274066877843225	-84.158821921734472	22.287578887182068	77.412616698069627	-84.045950565254998	-0.115997596295186	-0.064411102822716	-0.326797676958281	22.273284613305510	77.402190272938498	-84.094269420912568
28.153170213780125	80.875427555041952	-89.533759313429002	28.156711544276771	80.856809705320018	-89.525401740240810	-0.022176678404626	0.137272152789959	-0.060429671964282	28.153470495467321	80.876179818369806	-89.533678440951249
49.169627903079842	75.064624122473987	-81.605087904245252	49.155971718736573	75.256362311964381	-81.656454522470824	0.022244163077286	0.167172524883969	-0.114437523550770	49.158632419817479	75.281553577559478	-81.671946738044440
73.256137764845889	68.503825408034331	-104.886733978818413	73.235732366799809	68.517422748032828	-104.831192454119218	0.141864356433220	-0.065266409974005	-0.397897965805628	73.255881971822447	68.507621773895892	-104.887616049728592
-11.385342191184494	60.364593891180803	-93.576611931502995	-11.470536029111450	60.331742125807075	-93.565017447024815	0.080841589004395	-0.020528384171519	-0.088240905781267	-11.457123487036389	60.328979967710715	-93.577406224228412
31.124802323731782	29.707126858203733	-105.137071589837674	31.130945066193746	29.715760415482194	-105.140310515427188	-0.046582436753694	-0.063511417442078	0.026623701346884	31.124366417221793	29.706711283740393	-105.136534971220030
48.993012635538378	23.374841302758870	-103.768856419656899	49.041933356072590	23.195846865072181	-103.621711324812722	0.119832896097294	0.152998101691027	-0.007344676915035	49.058857017748885	23.216915602287202	-103.624447642015028
57.779260903881081	34.754632302306163	-94.672204447718329	57.761908136201484	34.726009170952082	-94.665813928204145	0.111796171461855	0.180693082750013	-0.050242684013436	57.778222281452194	34.752013729939883	-94.672778930348485
64.763005423328565	24.586524515405891	-107.730887280533551	64.706037430304789	24.495608173643866	-107.589865022084055	0.072672991649709	0.284589112014821	0.015007267433306	64.713479867494868	24.532205795418317	-107.588118465928318
2.982844913046128	29.183743324852394	-97.754101211927605	3.016378188505624	29.178254464031184	-97.769567747173994	-0.215314952022796	0.049572148011068	0.099589114201612	2.985085080027711	29.185196249868273	-97.755212109810685
-8.303719182670459	39.269025845766208	-89.371091330064615	-8.016690729837341	39.336604471750178	-89.375924572048902	-0.053672813390047	0.027249305629931	-0.029097062165882	-8.020423868456444	39.340083594705455	-89.380323616847463
32.242953174252946	43.609040223253047	-79.688128417087853	32.245420824451429	43.586010723446485	-79.663025276348009	-0.011944612953534	0.159115231810684	-0.173154409213795	32.243744920865716	43.608595655896664	-79.687651198979836
38.930341991581003	51.612777901168059	-91.220549579982759	38.888729539922736	51.730437134309327	-91.390621822012307	-0.010672366947333	0.183703018669683	-0.028015150245421	38.885775720459890	51.753237572902805	-91.393858245386411
46.152666429921567	55.020694359902613	-88.171653522897344	46.133172435645825	55.004722462306063	-88.170847607672812	0.142399008307027	0.116120467144350	-0.003188934938570	46.153567934866963	55.021197773554654	-88.171638293349943
-16.994216960457635	47.355530348612980	-84.418483119982852	-17.014801435090043	47.238323454548322	-84.461884251661104	0.212326699991405	0.223014862922805	-0.062509433677143	-16.986504046590479	47.270034360661839	-84.470803651199844
2.686573038827649	20.858493378734920	-90.458798996171964	2.686332813513428	20.860520766293323	-90.435622336143211	0.009355081024618	-0.012656220000604	-0.164887156532242	2.687793436316647	20.858647607664125	-90.458985918982194
18.270770287740628	38.667638453976380	-94.964955348003599	18.139654960868942	38.903886646924654	-94.919294932311232	0.193594214164813	0.119024973202669	-0.100556072136450	18.167306486839760	38.919609710532299	-94.935688880011270
60.217409894308773	57.199275203527861	-95.942290872091903	60.244072292851818	57.198849052166210	-95.924409115997946	-0.185461327446679	0.000943553743688	-0.124290793947018	60.217766937738929	57.198445078042518	-95.941902231775956
53.013705861185684	56.107668986443450	-80.095612496107719	53.095505196784565	56.099224235859005	-79.890954882060498	0.065452809045853	-0.074289976229261	-0.177113656783708	53.103512177041125	56.089136468152319	-79.918471801624790
13.805295235375558	74.538380350727849	-72.964556507074832	13.828656148744516	74.519082554309861	-72.960675157127298	-0.143856231438563	0.120398709727036	-0.048859654685812	13.807995949566287	74.536552742419147	-72.967288867651945
18.069789177413792	52.599131503140015	-77.516139478518454	17.983770526621029	52.672743000209934	-77.496496851803542	0.041150106568985	0.043189202490437	-0.266475059799151	17.986450935423985	52.676463886779032	-77.533414238497073
29.123071343401364	67.102925620309776	-72.555186942847641	29.121166718432725	67.093480549158286	-72.551936847807923	0.027494728962644	0.065520894672812	-0.021924995901794	29.124699544761437	67.102841240247528	-72.555114982923371
21.492977072063688	66.523316144823710	-74.091451987660960	21.443795009475366	66.378618455090063	-74.091385872851106	0.128533152752514	0.318985849591958	-0.210886763790169	21.462442986119822	66.423196280490060	-74.119206338670651
61.000374752911171	71.487323580647967	-95.664021338327473	61.029656089704297	71.498101895332780	-95.654477454727882	-0.200856753122364	-0.067676080627999	-0.057886948883577	61.001271116267006	71.488573708597912	-95.662915055285097
10.130641051844359	61.563436764462715	-84.929521597623150	10.347375133146256	61.531406129646129	-84.868970757235914	0.013168264375556	-0.034880582315098	-0.001821252296691	10.349299029840436	61.528793999767814	-84.869513173909510
14.882105834070616	58.391458224043781	-69.540534218869510	14.905139331950849	58.366587253715821	-69.536613005308595	-0.165952698424246	0.171480813384258	-0.066197236615319	14.881887240568824	58.391132640257538	-69.545467443315118
21.963357192804178	83.368238007799363	-70.188822268952066	21.825865881609484	83.520518299679310	-70.156266645321764	-0.108775772970748	0.242329619056616	-0.140642669877381	21.812636945918673	83.556187687819261	-70.178344294289985
37.432695826301085	75.906561370920116	-75.847310293885755	37.423335555724904	75.899137856393295	-75.813077068574444	0.091063769503760	0.054069837891484	-0.234960269554789	37.435698197633549	75.906794463683951	-75.846854207045382
42.710494016014486	62.796588753826299	-84.732100611817074	42.677177795969541	62.795092267244442	-84.900312678308822	-0.055412202007166	0.016954852143615	-0.161835225030271	42.670660615227447	62.798752070181074	-84.925409310373581
0.453185755061217	69.415929490639684	-67.027306074628100	0.454234181065895	69.431976374579307	-67.006987604216576	-0.007398193398389	-0.112681804024438	-0.135106421491901	0.453235305159334	69.416026590303147	-67.026181532980416
27.410364449571297	88.894924343422261	-93.767337776006045	27.561948791607112	88.858169286583447	-93.549828182112506	-0.037251426247261	0.264027200037078	-0.173387576687940	27.556614994136662	88.894326676457467	-93.575050856236317
28.648038418034421	77.141469708700257	-78.594525817958655	28.667044775577619	77.155910908131148	-78.559510304384673	-0.142261739980301	-0.099920713270339	-0.269711494766147	28.647028673103179	77.141859392059445	-78.597389187027076
37.190569570684254	84.377453583001866	-77.182174041447510	37.123166261361476	84.213274229599136	-77.117615262540966	0.025004057024236	0.297765324557706	-0.093027869668864	37.125799924203498	84.253729266066060	-77.131133915868006
50.654096404147737	79.428800817609570	-99.332988456744218	50.644880928035342	79.418391575044282	-99.289246963529322	0.069613260103532	0.065502806966386	-0.299141858843577	50.654807653542655	79.427927112618562	-99.331994132200464
72.644737887912129	78.550107021755750	-78.737926377523877	72.773286213546953	78.512074426291491	-78.567126216632190	0.100518975533247	0.166588524211328	-0.092647608734708	72.785005327026383	78.535649460510001	-78.578259188083521
6.614696637930505	18.562811858199318	-104.196018579169831	6.609796185122748	18.508334440260597	-104.190928930515085	0.026875258296610	0.384032700504301	-0.029974810830876	6.613588619969378	18.562675569153203	-104.195346973176768
28.071647185846793	47.916112180883815	-72.175464355169737	28.096226363723197	47.767828147587259	-72.106084679930120	0.084302973314856	0.200443026137871	-0.118945904429788	28.107236270306661	47.801540287314680	-72.122475290395883
32.576155583329033	30.682191458954080	-78.915003498376990	32.577017823564148	30.650124594149851	-78.898542681108708	0.004213712509761	0.209012167887743	-0.137026931496768	32.577183239509353	30.680040790397541	-78.917509633241508
51.122430217935971	23.185094331876886	-77.639210828311889	51.085963203887232	23.304718274999935	-77.620767464115090	-0.023536792152844	0.062304762637442	0.126187296089439	51.084635574798796	23.312119607658435	-77.603810761390164
56.596460158743618	16.142918173385901	-82.065522663066957	56.613622830292982	16.132825749248472	-82.054542629841109	-0.112920742997549	0.069852609545178	-0.075986176929473	56.597600750005626	16.142962484778220	-82.065482364960189
-3.639421445012530	25.466421919824263	-95.800313400097181	-3.406908081313479	25.618242774124525	-95.973275920377930	-0.204923729864865	0.044762226626494	-0.137506493720645	-3.434722538551039	25.624699606573010	-95.992597039994578
15.275522663435481	34.023733517044462	-78.304695423297915	15.260620470208053	33.991921217921622	-78.286657655571943	0.094640426093562	0.225428291744456	-0.122403776289545	15.274250433052975	34.024032311012526	-78.304195802306594
54.018976631477024	36.121211400672856	-75.558331581376493	53.963362282596435	35.994651961823763	-75.626985019766238	0.071523776203268	0.246896255649981	-0.144796084327988	53.973616541350488	36.032171105904766	-75.646403334258949
46.016337496219620	36.452630161620029	-77.703505582905635	46.004295552922301	36.469611073232038	-77.706669124930272	0.076205546608426	-0.116055542958245	0.015848044334712	46.015416510524524	36.453052264903597	-77.704607337506445
40.770171027141892	43.138542390456216	-73.167202016817356	40.852041915270682	42.981204638210770	-73.170965365890851	0.027679836199078	0.284895563904346	-0.102700389351151	40.857431939702082	43.018183554552735	-73.184697887978587
-9.638709733518969	29.001132834199602	-83.135118964310465	-9.621957438620180	29.004045197967059	-83.120225491066350	-0.118088869732222	-0.012079569306627	-0.112848513578849	-9.638736008155281	29.002545785189007	-83.136079602798517
21.721532745010403	29.440900830571934	-80.394717267656787	21.613465134252081	29.475251212630880	-80.434622659594297	0.031728917234567	0.145527383990664	0.053978272405990	21.617382818066943	29.494785539715142	-80.429488382807079
47.274762312501863	48.784817857782890	-74.499560487537750	47.242781496409066	48.818668397318817	-74.460434088375919	0.228748840623084	-0.233019849498915	-0.277049220044557	47.275536520478809	48.785297201430822	-74.499696708682194
45.350613330446045	54.778587191803368	-66.595677852161913	45.485035371519672	54.653519176872948	-66.687721219636060	-0.091094797471400	-0.181065912475824	-0.088433288829780	45.471669878058293	54.631765526153131	-66.697594067083301
49.202758597422559	66.137134375050721	-88.449585241886453	49.192082424942377	66.132176020193668	-88.403418931369188	0.081779286339117	0.051594015438052	-0.316907854082356	49.203457141554850	66.139057957244759	-88.448638124000126
1.470539676810847	50.209417386051420	-81.884845789345590	1.600001814985192	50.037369613925605	-81.761225856668759	0.099735556575181	0.177686742939744	-0.043313278788453	1.613278408915269	50.061861914381865	-81.766677715353538
9.799770327483852	51.630398221972079	-81.885222881300905	9.789984361499787	51.622753483231619	-81.864797192090791	0.072129562453722	0.059268188441081	-0.141083383549337	9.800443797481780	51.630994258771658	-81.884992188409456
24.721089954553481	38.396272471407443	-57.033740766079042	24.820008388518698	38.316259958731770	-57.051987131428199	-0.094877986604590	0.208975658571321	0.026006261465231	24.807367285721586	38.347174910097330	-57.049569111338876
25.071590996327057	95.452201224389768	-87.863290370919387	25.095624752776740	95.429691763672295	-87.865980995705343	-0.170699374054385	0.162333245126550	0.013695493048890	25.071199995399635	95.452893375304058	-87.863750337530931
46.893657782479174	65.313529795727746	-73.625859168911433	46.914351683800106	65.314742942156698	-73.585759469943156	0.127684551469767	-0.008208011791899	-0.026906152094409	46.932467060958430	65.315437043914088	-73.587469060430777
13.244448730628788	67.152875786433526	-63.562225975452577	13.259752011296554	67.159661811709185	-63.570170616448564	-0.103692563748199	-0.045152946073469	0.060776894298692	13.245188567290409	67.153163067234345	-63.561680861120834
27.480338812107753	72.641896997537899	-57.753672881006629	27.559610922970673	72.770825094991423	-57.712938235758372	0.068206619143075	-0.014647040427217	-0.168447386078458	27.567788749674044	72.772176802177668	-57.735340775714405
26.493374836587297	79.115009844849041	-62.349132061745507	26.470522949311182	79.112123995875493	-62.341733181586292	0.157558254806222	0.031134748416525	-0.060324292481824	26.492915551638347	79.116526256066493	-62.350109570965074
58.972139497869762	69.459253258186905	-83.375898610561208	58.955071574154019	69.436399927757009	-83.314416858671194	-0.055960034477831	0.004969301392461	-0.161398680469547	58.944976583792148	69.437489683486731	-83.338129496020642
54.491254615841385	65.922220972244432	-78.053785601161906	54.489564567346633	65.905045099103958	-78.045352731135637	-0.021018495909689	0.121147628755250	-0.069296468304137	54.487234218992924	65.922161459142757	-78.054878197579086
7.820083397452964	66.759486633116765	-70.581307826515740	7.936146195796314	66.782243678535636	-70.624790223499744	-0.186193561593012	0.166060780347151	-0.203921692223530	7.910239919218004	66.804938262654446	-70.653823257541603
4.399539394134801	80.905584023340296	-71.646359831320694	4.392885374836132	80.878823999512136	-71.601559388931548	0.052590578353905	0.195971881755640	-0.311827669063425	4.400361084459004	80.906828587470031	-71.645673560708062
11.818744744404121	75.555869340797997	-66.021124726332204	11.817538243083103	75.598925631274952	-66.048153740610786	0.146420341075638	0.174002194958932	-0.274656870839825	11.836068011544539	75.622505218645230	-66.085428648608641
16.903116775657818	86.999875222420727	-65.306716064651567	16.904362646153150	86.976216272875561	-65.294549641550631	-0.011185879733670	0.132608538532690	-0.059671158182246	16.902889554221410	86.995953014369164	-65.303844746715868
41.396026084618910	78.489216065523621	-68.365256230120607	41.586110848601187	78.480002167048198	-68.406102342793801	-0.187488112313841	0.266533164082661	-0.060378664460893	41.561303845959173	78.517313036180795	-68.416426616219596
24.302408308179597	28.965733328547909	-69.364118121785808	24.284654061678168	28.983498838946009	-69.343745327841219	0.117712132276102	-0.122482934638692	-0.141210916481456	24.301446895772585	28.966188470969364	-69.363766057361090
14.806080063394377	30.586566633618478	-67.930398321974948	14.878287240794899	30.536373792607943	-67.930432182166967	0.148073386470031	0.170808749468102	-0.191401041032222	14.898387486320237	30.560626327035980	-67.954471988570745
13.778024529082471	30.465730598940041	-103.740839484819475	13.721251562223500	30.455829798224077	-103.741010708132734	0.405970511776634	0.113931832945454	0.040228427919755	13.778561415848110	30.470906224311669	-103.736693459754761
41.102489943762947	30.141869937470112	-73.696456791524952	41.122002344919480	30.351325367538774	-73.583606482079247	-0.003435854508807	-0.058527388101222	-0.128084476860513	41.123529014557839	30.349024852774445	-73.600525983818173
37.397050925674463	3.186290618504431	-41.752738587806974	37.388241552159414	3.164585474217997	-41.727448985884031	0.070028230611349	0.145114107067402	-0.174976098517656	37.398315032260157	3.185500118810483	-41.752167699864131
68.010832964409033	14.296378035938275	-95.339974420964865	67.948809956881846	14.320194653396307	-95.148835319075971	0.150158338971953	0.158624731675768	-0.024237969589518	67.970282777826753	14.344207616427965	-95.151219154971344
16.238835120142141	38.626416144036583	-59.775897504851429	16.228902499227598	38.625718999238750	-59.755541125079326	0.065298232688310	-0.010531695709276	-0.158786702877029	16.238064150264329	38.624641663007907	-59.778118692392773
29.326167156730339	28.670013825056436	-51.020393878823590	29.302234291738582	28.565822050360872	-51.033298090465472	0.182917529416729	0.136953285236740	0.029178495220057	29.325421171655361	28.583187120545574	-51.030846004328836
29.107286375816891	42.993877626337039	-65.786932177054140	29.092855589031007	42.949766537413552	-65.830006914804457	0.103426356500061	0.299339634753187	0.313544541224839	29.107708480015514	42.992346209101889	-65.785629997556924
64.471668227349113	35.287617953705684	-78.777217800031266	64.317094247911896	35.667274138793232	-78.814592735894252	0.131823068404651	-0.083373365898313	-0.195921506154123	64.333765485372268	35.658146111321742	-78.843279784293145
65.872996996775228	42.577387967227317	-79.520389376677045	65.903378638510389	42.575668476908000	-79.505885935326702	-0.204164920448833	0.039939289395689	-0.100677713119048	65.873826576202532	42.580578129794525	-79.520287221461913
4.853419061613334	43.048730018519407	-62.407054366200875	4.999431416217632	43.173804230350214	-62.532589671508966	0.026279190056989	0.188953493908635	-0.059108015868152	5.003991271412477	43.199987231143396	-62.542368009095334
26.837056451901493	54.473736586264614	-77.365522189768143	26.818564312493827	54.462875474534016	-77.387258383948449	0.126289098319562	0.072844407456848	0.154665427717567	26.836255144919832	54.473340208309658	-77.365153011627299
35.298966784652535	68.455045999078777	-66.548511235475928	35.397564940405253	68.486355730013017	-66.488815079348953	-0.039862760284516	0.067078707499562	-0.105457236203754	35.393836592006551	68.494719757647317	-66.506907879946411
35.718832161763878	52.319261268550036	-66.090492719378645	35.738484517650079	52.314485885356234	-66.086238754450676	-0.135663756988258	0.046773649283691	-0.046833653187030	35.718892357810404	52.320863540997692	-66.092356018018222
58.055963288063452	46.669366455443644	-70.384758757434795	58.103337591228801	46.746119188225549	-70.342534200986222	0.204936199712561	0.036479377577672	-0.248536790074645	58.135005991375586	46.750305102809094	-70.377758265919326
-2.235896265514847	37.120575778294182	-71.234949323418704	-2.228826761720907	37.086304262396645	-71.218184361292145	-0.041973982452646	0.254968462900829	-0.102398380731647	-2.234878986980771	37.122319567680414	-71.232817183591848
6.184962833539641	54.483998972261325	-71.065356737949614	6.251382159570348	54.277101912198560	-71.025055081264497	0.072795055000422	0.273631755747593	-0.195125498183070	6.261077502080457	54.315799864259269	-71.051785481004472
39.678635530925490	64.091800104405635	-76.561378628045475	39.690177780171190	64.110394175133479	-76.588313834803188	-0.092642996849134	-0.131869069089813	0.187893521190755	39.677223865020657	64.091942719795114	-76.561549338959011
35.216145831194162	47.534617550677190	-59.834413427847444	35.218856317936229	47.546517047561096	-59.949267019282630	-0.147535872972847	0.095278006025198	-0.102767816247603	35.193535492148371	47.557718353288521	-59.965487425679981
52.839122645188851	59.326761048656387	-69.858889535425689	52.842140284164678	59.308634013069941	-69.865578147422198	-0.019794699403529	0.126061768269899	0.050064647759623	52.839650869878561	59.326454237125468	-69.858438579463041
-2.437413769613842	64.343517221604017	-73.667836805705605	-2.576105003296669	64.294215466936365	-73.608765255738007	0.179433160348549	-0.035968496970077	-0.256156094693347	-2.552389585179338	64.290542381603629	-73.643611229638765
16.750177614726606	45.066063698486666	-70.766443261397271	16.738197874156171	45.038621399817401	-70.765718520366832	0.078440983000124	0.193779140687158	-0.020908766998348	16.749280532300521	45.066062040993693	-70.768319842090207
11.868884717950873	42.220465477342934	-78.909907412499066	12.033322054642426	42.208541405347674	-78.896340290623371	-0.135758368794128	0.049704913011721	-0.067531142343748	12.014448879977706	42.216270429034147	-78.906994301868551
37.098261521277500	71.554105529619335	-59.252088295326750	37.067349061271486	71.552379209124311	-59.220064947169639	0.196707391814436	0.025192474092149	-0.216967293178424	37.096155813060584	71.555906051212887	-59.251282492395156
60.660358431850007	75.654308480524691	-73.338703862256267	60.683007670032175	75.885686281847214	-73.102514873213096	-0.008470121599330	-0.052790944320821	-0.230006232539953	60.677965360153948	75.877953941693733	-73.134484101579062
11.664275931977359	75.948209906848817	-90.268133703423132	11.620503537440637	75.959112571846731	-90.237067031785955	0.319411596225486	-0.079148631732701	-0.210463234637878	11.665830264130969	75.947942430245050	-90.266952871864191
-2.839712880579339	86.402483859699203	-85.186224162936696	-2.859074799044973	86.272625717983971	-85.205011126886092	0.087596160300814	0.043469914698759	-0.113651872240229	-2.848127062994775	86.278545717516494	-85.221543774177789
28.479387198172216	72.747355935868910	-49.530075111642574	28.480534082663443	72.709415769164039	-49.527032764462369	-0.006034369026418	0.259759050568840	-0.021716337701241	28.479501558721150	72.746423531250372	-49.529941984515915
36.593780400682874	77.176598441885517	-49.993742835607854	36.539146204457602	77.289514614329420	-49.957767139747396	0.249785894457732	-0.014024309291880	-0.127246246168486	36.572125078592876	77.290825784820399	-49.971568065972178
67.357151587282914	32.401180709707411	-64.985869538079285	67.348315536236484	32.386831624674322	-64.962151435703305	0.083337269514233	0.114125267884722	-0.146098673395721	67.359807149249548	32.403019266690180	-64.983647684475983
1.705490624241301	18.942932517353643	-54.858531622395986	1.974491158715977	18.815379663305961	-54.836130986710472	0.099251258130952	0.061953934532551	-0.200324061597578	1.988798671383594	18.824267606322255	-54.862787942491892
-8.176951545819541	28.045106969588659	-70.814044026415417	-8.194726804576673	28.063130498198007	-70.838884007538013	0.140195397101527	-0.110450203451392	0.148668603139288	-8.175146040923455	28.047179382793686	-70.817126423560623
30.294242446365836	25.294534216709934	-63.620150273106724	30.236656106655790	25.346414133225196	-63.645192524079334	0.006670893320196	-0.105349781267700	-0.078159258223451	30.237705626100965	25.333732624400497	-63.654886339627623
30.971253202163354	20.914224595140354	-50.488061782386325	30.982321416685366	20.945809181729917	-50.514949088837845	-0.064961716764433	-0.227252809656160	0.187397440323039	30.972936129627442	20.913889103578949	-50.488330135906985
39.538407827874785	32.320911404632795	-59.749777458474782	39.608062292712155	32.433336034746162	-59.784260561398099	0.206001491106937	-0.034038580369360	-0.029045885710496	39.637199721235390	32.429606882595529	-59.786759267881635
-4.227049139132617	37.583607989697327	-82.746541632269299	-4.243878115713638	37.569313761086086	-82.734604538107220	0.103001866482117	0.107536306659228	-0.095134709192936	-4.228783791453773	37.584427409102815	-82.747846811906655
15.631588494395428	25.909319541354311	-56.806512873170789	15.645327170592703	25.856522964730260	-56.904646029057332	-0.092646537159129	-0.051053259694060	-0.053330646077403	15.634144379081112	25.848933553110751	-56.913363444955053
41.673913267275687	39.839988569425927	-56.986424649447166	41.677788949935824	39.844648599126280	-56.957064375982306	-0.038539404892489	-0.021730008632464	-0.198831370114120	41.672317585884265	39.841481976995638	-56.985495493774799
29.896550800805134	33.898210559513437	-72.731813156595635	29.916763262796639	33.779931099304122	-72.668395340174271	0.057193346791268	0.294079208248514	-0.205590107531584	29.927035662786988	33.819800176799426	-72.697557598651400
38.059381785787025	35.446188964379594	-69.015257878833822	38.046538750298623	35.411837358047613	-68.978534279430392	0.082244633580331	0.257446760468500	-0.239027326307862	38.058287120273413	35.448297730000050	-69.012679594653463
55.867494190366990	48.229097946830066	-39.760465120376537	55.784521163642488	48.187483865016112	-39.503370756427195	0.083538533115679	-0.088982257171244	-0.185628611116588	55.797124285112723	48.176035975344739	-39.526844546626627
1.009070610143301	49.830443445208907	-66.340228534146902	1.018746315880299	49.811082328715230	-66.265736690009035	-0.053819182157685	0.127292835607776	-0.518821005982693	1.010755171690485	49.829467409187004	-66.339558513222642
20.180902487840086	44.735192288149975	-63.454025947539854	19.868059655072862	44.753061001027113	-63.533992699381002	0.213570118589521	0.221532782685739	-0.063497328580701	19.899557233321101	44.785504782028362	-63.543017908570739
30.375716142856724	30.773938694624359	-58.223668240541883	30.352301448140931	30.779468487348936	-58.210020748081817	0.168236938998560	-0.016801615816459	-0.104017904254034	30.376088443568765	30.776602048028995	-58.224696281287429
49.881972013185141	39.997869888166861	-57.708583281122692	49.637161399086665	40.107724857900287	-57.820186626097936	0.092639081690857	0.169497669719155	-0.092872406990537	49.651951667684273	40.130978720662839	-57.835854420085155
50.593848671496247	47.028480333333867	-61.806930305113433	50.561450575532596	47.047945929566147	-61.795819477898320	0.228019948981974	-0.135722507762449	-0.097162637746611	50.594002999370360	47.028661053049575	-61.809577831555487
1.763370962854665	31.231682420799036	-56.577554232753776	2.032319175846048	31.271131279870620	-56.516298777454509	0.155636334474342	-0.115491694212642	-0.087383950433695	2.051323841352833	31.258461472334496	-56.528940536952483
27.700074689393304	44.861664694508313	-52.428678695116048	27.665709187513738	44.846704352533393	-52.387269622585386	0.245475029077739	0.083018215318818	-0.296463912173828	27.700463768976057	44.859369576079459	-52.429582102994090
28.564789312516965	52.110456434477342	-51.242977846616519	28.648974923518782	52.263977648793514	-51.291140173043289	0.155940670108023	0.175100506473950	-0.124806751943009	28.671832714567572	52.288494756411204	-51.311792165168207
54.113287068585741	46.819502251854736	-31.170018442645098	54.076047958435637	46.794074471578057	-31.133127750664926	0.258607954070764	0.182016298142366	-0.254009277610408	54.113054916116660	46.820265497643312	-31.169368116841543
50.954365753554775	52.581763670560463	-56.117237682206451	51.145662895535914	52.456294672804063	-55.981760235395143	-0.025874080024998	-0.062973555668905	-0.058782578494765	51.143445801278894	52.448598084047681	-55.990071160380815
4.646361095130993	66.055888311529941	-78.282866436862804	4.627025835836961	66.051175262092912	-78.261489884926689	0.135177667324503	0.034176007944395	-0.162262205516975	4.646575827913947	66.056043330080669	-78.284586188942484
15.642135515913401	58.924941110354695	-62.231751260460747	15.618802318552037	58.940395705368189	-62.448090974541387	0.099963392571184	0.257117684255308	-0.094693495493519	15.630295969969332	58.978754592532830	-62.463693288813509
36.978173651440564	53.252044049388083	-51.826317257616608	36.983904640080226	53.228951687018373	-51.785441750380933	-0.028870904429901	0.163126893058614	-0.286510286799576	36.979765450842798	53.252288733785647	-51.826245732819693
43.759762520177929	68.871244616632126	-56.662879563546291	43.842296517552661	68.977663996225559	-56.670542786615172	0.113117424634529	0.152207909878420	-0.264386921202137	43.857119075339682	68.997481068164603	-56.710752523440476
51.241507929954551	66.582861921561630	-53.666664546128779	51.252185135177434	66.580124428073006	-53.632955145621125	-0.085979598126151	0.000519003775723	-0.258947496602143	51.240070198409157	66.580582017463286	-53.669120802157337
0.503348583123724	91.810261094398001	-70.306807080129232	0.420611687685710	91.959271493111586	-70.109463073312341	0.129592022064831	0.112571715113132	-0.109190252310259	0.438548758901233	91.973756139552165	-70.124163724965086
-17.278385197392364	84.651215762499604	-71.291662452734670	-17.293533819316483	84.660988599989793	-71.307695296280968	0.107693261509764	-0.058066346954683	0.107026195597759	-17.278164773027740	84.652475564413621	-71.292270394727510
30.861312339776717	77.540573746094509	-71.351944113280936	30.841468344833370	77.569769536132029	-71.538175526773415	0.057015702913194	0.086445810862266	-0.131979331575093	30.848829544155858	77.581145156618035	-71.558255793492648
46.275190056872447	28.653410527723452	-59.973047942266987	46.280795124169551	28.635914963272995	-59.979286563646717	-0.026601186061826	0.118184066836926	0.052801542739653	46.276834866984295	28.652675151971483	-59.971823154633519
56.036286210541078	10.155589791042726	-62.343735212846283	56.081016233012669	10.173189931280982	-62.558688411562898	-0.188388123356300	0.089856546677389	0.174430591518406	56.053814944254988	10.184351348141080	-62.536933179310154
1.418916419298919	45.482046347887056	-37.754606551282954	1.409885483630636	45.462667302363997	-37.736661776226789	0.052220373472886	0.114862585963357	-0.121582757508334	1.417451975691685	45.479483858297641	-37.753477858246804
12.121143660141668	25.664890529824429	-45.598007492624312	12.208701328067157	25.596749806915547	-45.601299983457913	-0.119726934878146	0.059410182755038	-0.229822825025243	12.196191239245179	25.605146521575399	-45.629627737535735
21.846114985502446	31.827468163356695	-50.179053036187732	21.838630955886003	31.825633534491487	-50.147764323156032	0.038250276176620	0.018157228448880	-0.248363920492205	21.844398557749653	31.828064526287488	-50.182463585728229
47.111202521060683	33.189661669303064	-26.852528512267519	47.069760963986482	33.073290518647582	-26.854684627698106	0.055540184116961	0.213135578619598	-0.098897162669311	47.075036669431377	33.101271908989276	-26.868892467962858
46.805005677354970	31.413611979021962	-35.594676209047876	46.785636955132560	31.417547102097522	-35.598329514353878	0.136523485256179	-0.029156038260477	0.023422503044408	46.804988741337560	31.413352330377791	-35.594918236976262
-11.468336335795142	24.832426724986387	-65.235398044283585	-11.627631612187319	24.912252598209779	-65.354274772642682	0.159957337735936	-0.015149604638696	-0.097854621398625	-11.605228870611940	24.909627504731940	-65.368073998582048
5.916947235197586	35.465363356641667	-51.381799488239871	5.934769517390001	35.423465056585044	-51.368823771924013	-0.115025026153913	0.295506037346206	-0.090657184965305	5.918225756442141	35.465194856506024	-51.381760989979938
14.158170661451727	39.272585406035255	-52.311719935044522	14.007886331252152	39.291723305900447	-52.459474278109809	-0.095941011767712	-0.148585887037471	-0.043107056492441	13.995010091365851	39.272480104537721	-52.464584157898706
37.591246843112437	41.589873833044123	-39.438047113209706	37.557835010270843	41.610692546752801	-39.416832653657174	0.230536122645614	-0.154665502457126	-0.145291047207998	37.590835407729628	41.588945119969985	-39.437419789829995
54.595913502279565	35.162775475937174	-39.792232307820584	54.525654228954387	35.083801110444362	-39.555711960062425	-0.127995464554605	0.001204004143016	-0.126178824811331	54.506860352232543	35.087444894825417	-39.573265229548682
4.367676399547966	59.186131253980932	-43.494583464665546	4.317571469160919	59.202057946002014	-43.515725262318533	0.339883854220029	-0.116939833717720	0.156036259496946	4.366072907364284	59.185451567214699	-43.493622347970607
11.008518543394306	52.555696076466113	-54.130388598643130	11.133479717090133	52.299067784151369	-54.245503827931728	0.109573133825819	0.178587542833125	-0.086514477782635	11.147283906776931	52.326922813884416	-54.258708212244898
10.812659510253802	48.819046892203474	-61.852532090121365	10.812662036870455	48.804819364356085	-61.822736678312083	0.004858021520444	0.106217826777259	-0.216598573757811	10.813722302257180	48.819799304725294	-61.853694760979089
34.181911291169875	42.660170043921923	-46.376698533834158	34.120707107465435	42.607016144143714	-46.409366427237572	0.038046229708494	0.119996626182352	-0.035396966452520	34.128166143336834	42.623999663005776	-46.417582233393546
49.017171626129482	42.951290917433418	-39.900115582987404	48.990887222842453	42.961708114375185	-39.905161112768987	0.202809176967045	-0.088848258217818	0.025349715346114	49.019330873893949	42.949416238521444	-39.901357301865701
64.688027584818855	37.839129477402111	-31.810978859923779	64.797512204991008	37.845255846651384	-31.829199143501530	-0.140725231769874	0.171253053413849	-0.116292889162928	64.777294008327090	37.868508653292125	-31.844541494305705
5.035115656496815	60.751622167856397	-55.609540979906576	5.037199268550666	60.768942470346680	-55.607285013967463	-0.012501557135527	-0.123430297185660	-0.018939657906272	5.035497033207870	60.751309506816391	-55.610098161266698
30.954336873120972	70.826555947012679	-41.784357133505765	30.809676367588128	70.683381647380898	-41.761847331819716	0.141174893652773	-0.107630666623164	-0.073584499603752	30.830104202201525	70.673092120225178	-41.772361489917571
40.607342282421421	52.340133184365278	-37.128025509592078	40.592076891715266	52.339610144541787	-37.101138278165202	0.104523173724575	0.013165685525908	-0.186132161207772	40.607025079845805	52.341493407742462	-37.127827653133899
43.403570361169685	47.805202671098932	-43.308614367886676	43.593233116766513	47.925614527188188	-43.250959392115575	-0.063696302475863	0.146959372249897	-0.256301899644672	43.585099555638401	47.947179989275234	-43.284789493823595
58.775245250736383	53.442220003944890	-54.923078864575835	58.776380857187007	53.427849982194864	-54.899117808089642	0.008397980143411	0.098033511591492	-0.162145837686215	58.777303925373246	53.441372485029000	-54.922089515959591
-0.475905730804727	56.350350241636157	-62.421483760800641	-0.504947129470392	56.143749342932779	-62.272143059503129	-0.029652674815658	0.213364059186870	0.147105504083307	-0.508120259733635	56.173493909700539	-62.255867384161704
28.685870452211699	60.838639306834928	-53.116819163821752	28.679767108619981	60.832852474974707	-53.116924465437229	0.034331081177201	0.044670105174941	-0.003146599244496	28.684582120718112	60.839064727909054	-53.117505513243131
36.307633371249700	64.243542046347997	-50.882144137286815	36.047499063401879	64.099570840116755	-50.800044482212215	0.144720322537018	0.271594571822139	-0.131527758117165	36.069185127013036	64.137341179084956	-50.818324652495669
44.425468024029712	70.159180686481207	-47.556405160737839	44.388285027500842	70.127492756351515	-47.553660757036091	0.261268061052432	0.224529019030027	-0.021850585210315	44.425641954885556	70.159434390011199	-47.556688692502370
60.411681314767307	60.876119608017831	-49.910951417413514	60.588361866166082	60.583308447034540	-49.999530329643022	0.046869871334254	0.056961305536479	-0.259253325032110	60.593522207511512	60.591360706744837	-50.039246424270914
16.828341390705983	82.793376613971162	-47.002802349579476	16.820435230597884	82.804382121134793	-46.978521345984433	0.069058878799614	-0.094141342648414	-0.177656413000586	16.829751367786091	82.791476983056072	-47.003633438410482
21.679698169758488	66.111035927702787	-45.969751637383425	21.720310415748884	66.088717399393133	-45.763695391572966	0.115451202623841	-0.055056728409426	-0.125301484728498	21.734332850069922	66.082336486828723	-45.784080710381375
36.330824115313860	89.666694064492447	-32.038685801452630	36.315023785946053	89.666397076100367	-32.036585739553821	0.111272878169795	0.011884679074112	-0.018351568327052	36.331053315853474	89.668201946530502	-32.039119645045382
44.142851338080575	73.289041360627039	-39.139323699744253	44.020010193192611	73.328997343748384	-39.257207156854740	0.200599676387291	0.079550836907605	-0.222058289829022	44.049588734999105	73.339443958101313	-39.288631067142667
54.613245637558137	77.593916524870806	-68.628636671752687	54.610341700549654	77.611907521020314	-68.597247300913310	0.001035396386770	-0.110836050164258	-0.222637437302118	54.610543959009675	77.596050856206404	-68.629016744642215
23.960649573534464	79.932112825612563	-49.458975098790319	24.012196333200929	79.926243284710566	-49.335915450858138	0.004080499555209	0.120327013480412	-0.052354381725120	24.015976055050654	79.940464424214028	-49.341274744317616
5.738672906180557	87.863453759909106	-52.142242041028318	5.729641461432225	87.871205008466291	-52.142877912160259	0.079893214843744	-0.045837044775556	0.001077322920592	5.740876235413020	87.864473498284170	-52.142645067987559
35.161848144996938	82.397143153081345	-38.511677297055016	35.359534490420273	82.388104317316419	-38.564014813321094	-0.004387976703574	0.056342423061899	0.148971209706180	35.358126760266366	82.397803086350081	-38.547315800334680
42.499666953653751	41.648764385291400	-88.565411634201723	42.498611723685862	41.632795622238980	-88.557029272735576	-0.003667625739536	0.095060680922624	-0.067734865796346	42.498161054463708	41.646570911177584	-88.566236921909933
43.322521736507412	43.619661660684059	-97.247401269626181	43.385184996231978	43.499731292412463	-97.265776064666341	0.055222853130430	0.185950293662892	-0.137352251271720	43.393513936559842	43.526091524882297	-97.286063364472412
8.826764276491264	41.022480664356898	-92.424793874618956	8.822607360203614	40.995856374038247	-92.435477384536625	0.045130098896223	0.190229664393844	0.080359581253021	8.828495563839571	41.022958496073421	-92.424184850962376

Average Thermodynamics Variables of the simulation:
<E> = -5.4631e-10	∆E/<E> = 5.0114e-03	<K> = 6.8720e-11	<U> = -6.1503e-10	100<Up>/<U> = 2.4218e+00	<T> = 1.5434e+03	<P> = 5.0666e+07
