250	65.822028791239489
-34.454262084618215	-45.529106018247013	-19.481653642600346	0.009450007666828	-0.134527515486648	0.067146127237946	-34.454262084618215	-45.529106018247013	-19.481653642600346	0.009450007666828	-0.134527515486648	0.067146127237946
-27.256913849438245	-31.731635842722675	-27.165019231517313	-0.345752751259178	0.253709834812332	0.000265077105881	-27.256913849438245	-31.731635842722675	-27.165019231517313	-0.345752751259178	0.253709834812332	0.000265077105881
4.644451565659565	-17.105294106923470	-23.583131444223913	-0.223963288783216	-0.258734789169208	0.052735332288129	4.644451565659565	-17.105294106923470	-23.583131444223913	-0.223963288783216	-0.258734789169208	0.052735332288129
3.255878288457826	-38.550685036536201	-23.187469784651942	-0.157930738153971	-0.032814829995674	-0.012970886108622	3.255878288457826	-38.550685036536201	-23.187469784651942	-0.157930738153971	-0.032814829995674	-0.012970886108622
-5.582783789121982	-13.658143291826041	10.927554903259010	0.085321066763022	0.003329475665810	-0.002472643776957	-5.582783789121982	-13.658143291826041	10.927554903259010	0.085321066763022	0.003329475665810	-0.002472643776957
3.739627755807954	-11.066971677721533	-27.879294601474744	-0.094488998206546	-0.317178434184902	0.122320737701787	3.739627755807954	-11.066971677721533	-27.879294601474744	-0.094488998206546	-0.317178434184902	0.122320737701787
3.187498594206105	-22.308526466323890	-35.385460147795293	-0.254428611755534	0.154148806335154	-0.207473057613142	3.187498594206105	-22.308526466323890	-35.385460147795293	-0.254428611755534	0.154148806335154	-0.207473057613142
46.069645358421717	-18.948180563279031	-31.931743472828156	-0.036537627230260	-0.300278997038973	0.004512900516786	46.069645358421717	-18.948180563279031	-31.931743472828156	-0.036537627230260	-0.300278997038973	0.004512900516786
44.186108197566867	-67.690818114998862	-16.247420417716395	0.201049286958532	-0.200588570408936	-0.018607942609398	44.186108197566867	-67.690818114998862	-16.247420417716395	0.201049286958532	-0.200588570408936	-0.018607942609398
43.206571271875099	-17.065429723022667	-3.522347867284188	-0.061690080179371	-0.055235097368368	-0.137927501831838	43.206571271875099	-17.065429723022667	-3.522347867284188	-0.061690080179371	-0.055235097368368	-0.137927501831838
-35.255029113435050	-4.049284999898723	-4.259629687518443	-0.092469763033873	0.217858828183180	-0.031385034779600	-35.255029113435050	-4.049284999898723	-4.259629687518443	-0.092469763033873	0.217858828183180	-0.031385034779600
-13.615715932819962	-35.466592219127833	-16.756216305127282	-0.054863457838888	-0.090524662480646	0.032097708265366	-13.615715932819962	-35.466592219127833	-16.756216305127282	-0.054863457838888	-0.090524662480646	0.032097708265366
-22.271840848851600	-39.877819064136048	-32.035810582316799	-0.153424405081583	-0.062686963519047	-0.010504443023294	-22.271840848851600	-39.877819064136048	-32.035810582316799	-0.153424405081583	-0.062686963519047	-0.010504443023294
-13.127057376839355	-20.791492295571832	-19.995032492835875	0.025504759738328	-0.248211569795540	0.144396048420088	-13.127057376839355	-20.791492295571832	-19.995032492835875	0.025504759738328	-0.248211569795540	0.144396048420088
8.902442037984727	-31.102143366717314	-29.011968391357275	-0.059792655168048	-0.190140420220120	0.248546392133700	8.902442037984727	-31.102143366717314	-29.011968391357275	-0.059792655168048	-0.190140420220120	0.248546392133700
-4.788046058326646	-2.805507878127597	-37.743610784610851	-0.096394577625239	-0.183782731834729	-0.125127903645924	-4.788046058326646	-2.805507878127597	-37.743610784610851	-0.096394577625239	-0.183782731834729	-0.125127903645924
31.378447014039899	-26.673802013115726	-18.256422363184093	0.080842693166391	0.120511565648935	0.093356076202119	31.378447014039899	-26.673802013115726	-18.256422363184093	0.080842693166391	0.120511565648935	0.093356076202119
25.106563444086841	-11.347257266383338	-8.491230121847334	-0.192913136230431	-0.172148081250603	-0.154325629543470	25.106563444086841	-11.347257266383338	-8.491230121847334	-0.192913136230431	-0.172148081250603	-0.154325629543470
19.735475500784744	-23.533770058384665	-25.325599892582545	-0.128435430384996	0.126976960324577	-0.076994482322028	19.735475500784744	-23.533770058384665	-25.325599892582545	-0.128435430384996	0.126976960324577	-0.076994482322028
26.571858473284710	37.655504965383081	-23.564233903315579	0.185635337638378	0.062328515260262	0.106005946566361	26.571858473284710	37.655504965383081	-23.564233903315579	0.185635337638378	0.062328515260262	0.106005946566361
-26.199708020214352	-13.841058216290245	-37.191285744028484	0.147850318133000	0.096556180136514	0.093540086527667	-26.199708020214352	-13.841058216290245	-37.191285744028484	0.147850318133000	0.096556180136514	0.093540086527667
-31.396658402313616	-30.164337253416363	-38.204945586886723	0.143044326924574	0.168461084448320	0.224525736265905	-31.396658402313616	-30.164337253416363	-38.204945586886723	0.143044326924574	0.168461084448320	0.224525736265905
7.568691336108214	-7.372552298520540	-36.163017506835402	0.061983358174581	-0.132305606888342	0.133662870951567	7.568691336108214	-7.372552298520540	-36.163017506835402	0.061983358174581	-0.132305606888342	0.133662870951567
-9.822254779892171	-0.651464626851580	-23.545816577188994	0.172349858393056	-0.223618505387938	0.227031142099339	-9.822254779892171	-0.651464626851580	-23.545816577188994	0.172349858393056	-0.223618505387938	0.227031142099339
2.152444474450828	11.854672530748047	-22.175090396097232	0.330951759882790	-0.042599676985301	0.112959301493304	2.152444474450828	11.854672530748047	-22.175090396097232	0.330951759882790	-0.042599676985301	0.112959301493304
34.902484494699472	-13.655381979365796	-30.366555377514267	0.075879069481228	-0.224238578321515	-0.106877421872293	34.902484494699472	-13.655381979365796	-30.366555377514267	0.075879069481228	-0.224238578321515	-0.106877421872293
20.100684595816364	-4.382466724832190	-43.239617711651320	-0.078413881699231	0.060811844904991	0.048424913412873	20.100684595816364	-4.382466724832190	-43.239617711651320	-0.078413881699231	0.060811844904991	0.048424913412873
22.263105593584040	-13.571392217194871	-25.931407723337831	-0.037420212881729	0.042637472252184	-0.616165636912071	22.263105593584040	-13.571392217194871	-25.931407723337831	-0.037420212881729	0.042637472252184	-0.616165636912071
19.584246704269763	-0.148906592835846	-33.936095596865066	-0.032234741855517	0.019369407469722	0.051648712951589	19.584246704269763	-0.148906592835846	-33.936095596865066	-0.032234741855517	0.019369407469722	0.051648712951589
48.682878482088661	2.939325967562889	-12.575035680185517	0.420042390788143	0.256752906588653	-0.193606301826410	48.682878482088661	2.939325967562889	-12.575035680185517	0.420042390788143	0.256752906588653	-0.193606301826410
-20.621703354158406	-21.136620472365543	-24.143888294405446	0.187693557141698	-0.141308060748887	-0.032014878385625	-20.621703354158406	-21.136620472365543	-24.143888294405446	0.187693557141698	-0.141308060748887	-0.032014878385625
-36.985934891938996	-4.796867561765129	-40.182397179735851	-0.066229864557788	-0.008887469211987	-0.233967948395922	-36.985934891938996	-4.796867561765129	-40.182397179735851	-0.066229864557788	-0.008887469211987	-0.233967948395922
2.749863746951872	18.326056031412602	-10.169258818416495	0.052922454596830	-0.051088358804399	0.076678976576415	2.749863746951872	18.326056031412602	-10.169258818416495	0.052922454596830	-0.051088358804399	0.076678976576415
-12.036718440433841	1.626870570435520	5.136231016819388	-0.022796613261821	-0.342173190741975	-0.096047505089840	-12.036718440433841	1.626870570435520	5.136231016819388	-0.022796613261821	-0.342173190741975	-0.096047505089840
-18.472582085390208	12.361692023937223	-34.902820658099301	-0.150613539070050	0.037763226240287	0.242985585388495	-18.472582085390208	12.361692023937223	-34.902820658099301	-0.150613539070050	0.037763226240287	0.242985585388495
6.405997698543911	36.689817816837603	-7.704580770155591	0.181565673613830	-0.102503513855149	-0.084291099307333	6.405997698543911	36.689817816837603	-7.704580770155591	0.181565673613830	-0.102503513855149	-0.084291099307333
5.001940023586856	-4.621262462018679	-20.721731644419943	0.295591524780250	-0.123290242709810	-0.188174837046086	5.001940023586856	-4.621262462018679	-20.721731644419943	0.295591524780250	-0.123290242709810	-0.188174837046086
12.752081250719687	2.324217084962557	-28.179639776891133	-0.026286483237994	0.094755222317372	-0.040029792424274	12.752081250719687	2.324217084962557	-28.179639776891133	-0.026286483237994	0.094755222317372	-0.040029792424274
19.741447606187897	10.882629998450007	-42.886472699921036	-0.092062750685250	0.057995434506353	-0.282845283107406	19.741447606187897	10.882629998450007	-42.886472699921036	-0.092062750685250	0.057995434506353	-0.282845283107406
24.685402001884647	3.830323540419807	-8.759346893643867	-0.027410907433654	0.155195451985552	0.175063788519592	24.685402001884647	3.830323540419807	-8.759346893643867	-0.027410907433654	0.155195451985552	0.175063788519592
-30.273517699485659	9.823005010241307	-24.479934307556750	0.147393499406347	0.174359354927554	0.065818272660062	-30.273517699485659	9.823005010241307	-24.479934307556750	0.147393499406347	0.174359354927554	0.065818272660062
-26.774530835086651	25.275341659048337	-17.806847928513399	-0.309145711343506	0.112013396391007	-0.081141527423232	-26.774530835086651	25.275341659048337	-17.806847928513399	-0.309145711343506	0.112013396391007	-0.081141527423232
-26.430247951775314	40.208189550829310	-33.502833860196311	0.075902722602557	-0.117460156859397	-0.131020786259383	-26.430247951775314	40.208189550829310	-33.502833860196311	0.075902722602557	-0.117460156859397	-0.131020786259383
0.630197271697179	20.802241314460993	-35.168365838284956	0.011115643040155	0.139204267369598	-0.141678318955353	0.630197271697179	20.802241314460993	-35.168365838284956	0.011115643040155	0.139204267369598	-0.141678318955353
-7.569237574399643	20.445423005048170	-36.063739197574854	0.199870946119785	0.006628786566486	-0.207789852917752	-7.569237574399643	20.445423005048170	-36.063739197574854	0.199870946119785	0.006628786566486	-0.207789852917752
23.075071031147598	26.105682054294629	-25.221434842599336	0.107671599323672	0.249298987763836	-0.099035964425594	23.075071031147598	26.105682054294629	-25.221434842599336	0.107671599323672	0.249298987763836	-0.099035964425594
-1.585453463886177	26.555840945517016	-29.466053950452469	0.232718177251276	-0.090208472947816	0.100009504410903	-1.585453463886177	26.555840945517016	-29.466053950452469	0.232718177251276	-0.090208472947816	0.100009504410903
3.261614148360939	45.499996444208605	-16.116156068842404	-0.164018669378453	0.069064200498379	0.308627404916420	3.261614148360939	45.499996444208605	-16.116156068842404	-0.164018669378453	0.069064200498379	0.308627404916420
28.661636114361951	2.404234764492117	-18.863274001195897	-0.044117870807549	0.140523686986383	0.131982302719655	28.661636114361951	2.404234764492117	-18.863274001195897	-0.044117870807549	0.140523686986383	0.131982302719655
24.354382161631872	30.814197804280493	-40.159579955989919	-0.027009432332528	-0.160624057082124	0.061416277567475	24.354382161631872	30.814197804280493	-40.159579955989919	-0.027009432332528	-0.160624057082124	0.061416277567475
-14.308311725421499	-64.938195883612423	-3.931815145423180	0.035022053708657	-0.063064003790192	-0.044408706363159	-14.308311725421499	-64.938195883612423	-3.931815145423180	0.035022053708657	-0.063064003790192	-0.044408706363159
-23.582835563524196	-7.379069680084515	-11.350919936446443	0.023681255929570	0.232063748616967	-0.206720980427838	-23.582835563524196	-7.379069680084515	-11.350919936446443	0.023681255929570	0.232063748616967	-0.206720980427838
-14.083111932477951	-38.835645020598371	-9.243327777439822	0.217239111152569	-0.068678600787928	-0.028107113013541	-14.083111932477951	-38.835645020598371	-9.243327777439822	0.217239111152569	-0.068678600787928	-0.028107113013541
-8.528440795385686	-42.706532647690345	-4.980616584554540	0.207519581425980	-0.000061451752854	0.111803166803797	-8.528440795385686	-42.706532647690345	-4.980616584554540	0.207519581425980	-0.000061451752854	0.111803166803797
3.628376844878445	-35.857093784230543	-14.545361198900936	-0.067260145633335	-0.190312790948592	-0.130485039328792	3.628376844878445	-35.857093784230543	-14.545361198900936	-0.067260145633335	-0.190312790948592	-0.130485039328792
-7.536963152429961	-1.580126703274245	-6.751506165427656	0.045878413409568	-0.050534369504041	0.048326039712615	-7.536963152429961	-1.580126703274245	-6.751506165427656	0.045878413409568	-0.050534369504041	0.048326039712615
9.398794861246731	-30.664243389123975	0.355879347475084	-0.202648525560265	0.026235155433329	0.194794751533642	9.398794861246731	-30.664243389123975	0.355879347475084	-0.202648525560265	0.026235155433329	0.194794751533642
52.328908134683736	-10.008350933686161	-1.570904961507326	-0.195129395473843	0.073335346834895	-0.113845796848052	52.328908134683736	-10.008350933686161	-1.570904961507326	-0.195129395473843	0.073335346834895	-0.113845796848052
36.607910615909731	-17.355980136490537	-48.744076656683610	-0.088970907016153	-0.041566794799649	0.065874473775946	36.607910615909731	-17.355980136490537	-48.744076656683610	-0.088970907016153	-0.041566794799649	0.065874473775946
42.281718084311173	-33.671232854878696	-11.496976138235382	-0.256786582218970	0.247840602196398	-0.037790892057770	42.281718084311173	-33.671232854878696	-11.496976138235382	-0.256786582218970	0.247840602196398	-0.037790892057770
-32.020874151599322	-52.421341355535453	-36.123176711002401	0.051637255568308	-0.076879330421246	-0.087179393887108	-32.020874151599322	-52.421341355535453	-36.123176711002401	0.051637255568308	-0.076879330421246	-0.087179393887108
-45.231468253715803	-39.284608864080461	-1.299688136556866	-0.240433427233255	-0.027367785206001	-0.098182417860886	-45.231468253715803	-39.284608864080461	-1.299688136556866	-0.240433427233255	-0.027367785206001	-0.098182417860886
-14.883901785022271	-25.184201408769365	-12.417545102714559	0.059334031706760	-0.119733368182901	-0.186291454044147	-14.883901785022271	-25.184201408769365	-12.417545102714559	0.059334031706760	-0.119733368182901	-0.186291454044147
-15.039364799740197	-46.289622024992283	-13.086743513119334	0.060733456868777	0.542957905943843	-0.030272117467631	-15.039364799740197	-46.289622024992283	-13.086743513119334	0.060733456868777	0.542957905943843	-0.030272117467631
-3.063238835684004	-24.334720884765616	-21.922153885931952	0.052669288502202	0.146138687622945	-0.145526938750799	-3.063238835684004	-24.334720884765616	-21.922153885931952	0.052669288502202	0.146138687622945	-0.145526938750799
-7.476588940721212	10.343639179797471	-5.664195030996892	0.122570624365435	-0.066849924684370	-0.002947076526953	-7.476588940721212	10.343639179797471	-5.664195030996892	0.122570624365435	-0.066849924684370	-0.002947076526953
29.542909109638256	-14.086019943383166	-22.884101171907997	0.040509383497397	0.112493614370639	-0.059300706706617	29.542909109638256	-14.086019943383166	-22.884101171907997	0.040509383497397	0.112493614370639	-0.059300706706617
-0.008678358312429	-3.570644448738450	-15.740826995981239	-0.052773340222699	-0.044258023175214	0.032133401019318	-0.008678358312429	-3.570644448738450	-15.740826995981239	-0.052773340222699	-0.044258023175214	0.032133401019318
-4.099536524264304	-0.692320644285069	-28.852398724407735	-0.008038777313976	0.054934692572945	0.055941511569525	-4.099536524264304	-0.692320644285069	-28.852398724407735	-0.008038777313976	0.054934692572945	0.055941511569525
0.403088978740172	3.652788687760043	1.723804565430414	0.180529461454975	-0.207425930571790	0.192800715038393	0.403088978740172	3.652788687760043	1.723804565430414	0.180529461454975	-0.207425930571790	0.192800715038393
-16.057147558016400	-12.580389452272909	-7.722225546314594	0.160517794938440	0.099323390146408	0.034209391682913	-16.057147558016400	-12.580389452272909	-7.722225546314594	0.160517794938440	0.099323390146408	0.034209391682913
-43.213562420823386	-20.163515174925230	-1.060982663648067	-0.355492178642404	0.450009389179096	0.086092631492759	-43.213562420823386	-20.163515174925230	-1.060982663648067	-0.355492178642404	0.450009389179096	0.086092631492759
-8.931813295054058	0.462521517364538	-13.812199222105862	-0.009721836971687	-0.004068515888023	0.008684934197941	-8.931813295054058	0.462521517364538	-13.812199222105862	-0.009721836971687	-0.004068515888023	0.008684934197941
-24.887670464015795	9.146774501577630	8.916243464588772	0.204200281596154	-0.073593462516136	0.010118793223155	-24.887670464015795	9.146774501577630	8.916243464588772	0.204200281596154	-0.073593462516136	0.010118793223155
-11.884910572459081	12.522714605658809	-19.110468724279222	-0.018395766003690	0.233971969704761	-0.198972403071067	-11.884910572459081	12.522714605658809	-19.110468724279222	-0.018395766003690	0.233971969704761	-0.198972403071067
19.826006441508163	15.010265615251255	-8.164239863573865	0.067375389689894	-0.320700688625473	0.083948999690380	19.826006441508163	15.010265615251255	-8.164239863573865	0.067375389689894	-0.320700688625473	0.083948999690380
29.315439177813143	10.964785498179143	-9.003557027619363	-0.326810595114071	-0.096832323560958	0.147234162739858	29.315439177813143	10.964785498179143	-9.003557027619363	-0.326810595114071	-0.096832323560958	0.147234162739858
29.458421368012910	33.575070203289805	-11.961242749755487	-0.154125936832312	0.071854953981583	0.130728350232627	29.458421368012910	33.575070203289805	-11.961242749755487	-0.154125936832312	0.071854953981583	0.130728350232627
21.559385629009611	16.654302425310149	-28.970888131972458	-0.108841760396038	0.200089414454756	-0.130174160757236	21.559385629009611	16.654302425310149	-28.970888131972458	-0.108841760396038	0.200089414454756	-0.130174160757236
28.445838808697854	17.235256226484765	-39.326345775337877	-0.163288042807477	-0.188214826983976	-0.101017780832257	28.445838808697854	17.235256226484765	-39.326345775337877	-0.163288042807477	-0.188214826983976	-0.101017780832257
-51.833607023351519	-8.239089169648405	2.514361492896160	0.151193673160504	-0.399010469856177	0.062664502951828	-51.833607023351519	-8.239089169648405	2.514361492896160	0.151193673160504	-0.399010469856177	0.062664502951828
-19.435494874576868	17.828540495188967	-1.082546663461593	-0.019498316643792	0.270275941570827	-0.159704188628702	-19.435494874576868	17.828540495188967	-1.082546663461593	-0.019498316643792	0.270275941570827	-0.159704188628702
-15.256182927079456	-8.200920114427241	-27.708042291647867	-0.023961173718806	-0.122227943896542	0.027627650122946	-15.256182927079456	-8.200920114427241	-27.708042291647867	-0.023961173718806	-0.122227943896542	0.027627650122946
-4.402968509163517	8.092758523332622	-17.134467794181028	-0.130363898251162	0.066131084525508	0.145286260342662	-4.402968509163517	8.092758523332622	-17.134467794181028	-0.130363898251162	0.066131084525508	0.145286260342662
10.624416799847300	-25.442364375310138	-12.483026935017579	0.205270861735393	0.123375755491833	-0.037748269614735	10.624416799847300	-25.442364375310138	-12.483026935017579	0.205270861735393	0.123375755491833	-0.037748269614735
24.332967000217778	-2.919987089722682	-22.204578089436527	0.279496154366699	0.114788262899649	-0.074609880798684	24.332967000217778	-2.919987089722682	-22.204578089436527	0.279496154366699	0.114788262899649	-0.074609880798684
16.595355474676985	-4.907715139325452	-23.856452640194142	0.114741154175180	-0.129777588223070	0.077741855481387	16.595355474676985	-4.907715139325452	-23.856452640194142	0.114741154175180	-0.129777588223070	0.077741855481387
38.091653694249239	2.635354083533028	-20.952166325079155	-0.437095363818466	-0.109047961756710	0.062478801709171	38.091653694249239	2.635354083533028	-20.952166325079155	-0.437095363818466	-0.109047961756710	0.062478801709171
17.954630204052936	8.385692837160427	-4.705497096159495	-0.009318141728601	0.009024557744525	0.105392629758095	17.954630204052936	8.385692837160427	-4.705497096159495	-0.009318141728601	0.009024557744525	0.105392629758095
43.070150491903732	10.716605281544110	-29.579405917422172	-0.004649280243183	0.119907367278832	-0.143185298549283	43.070150491903732	10.716605281544110	-29.579405917422172	-0.004649280243183	0.119907367278832	-0.143185298549283
-30.764985416994634	-1.517334266851305	-31.216769117680801	-0.223356199044232	0.012509003317577	-0.021174839791442	-30.764985416994634	-1.517334266851305	-31.216769117680801	-0.223356199044232	0.012509003317577	-0.021174839791442
-38.718125153569972	20.809437166757835	-13.272855743402243	-0.073360013775265	0.082846940052385	-0.101419959347653	-38.718125153569972	20.809437166757835	-13.272855743402243	-0.073360013775265	0.082846940052385	-0.101419959347653
-20.766665213313050	34.488094705898604	-20.251540343791618	0.194214646082270	0.100040637243493	0.018738028658906	-20.766665213313050	34.488094705898604	-20.251540343791618	0.194214646082270	0.100040637243493	0.018738028658906
-29.286103452461855	9.577666224481879	-11.023018232816529	0.318212925946108	-0.090670790188676	0.015142855182726	-29.286103452461855	9.577666224481879	-11.023018232816529	0.318212925946108	-0.090670790188676	0.015142855182726
-13.330139797718395	15.351630949886154	-5.728858972623587	-0.013293735187214	-0.214542651799709	0.067558561010610	-13.330139797718395	15.351630949886154	-5.728858972623587	-0.013293735187214	-0.214542651799709	0.067558561010610
-4.969948462304795	49.709504779481101	-24.479264605134833	0.001159982913069	-0.081723946533021	-0.218916845539832	-4.969948462304795	49.709504779481101	-24.479264605134833	0.001159982913069	-0.081723946533021	-0.218916845539832
14.086844313161262	22.596071092202429	-0.124434526266861	-0.225162560994816	-0.062920696192581	0.244717378353392	14.086844313161262	22.596071092202429	-0.124434526266861	-0.225162560994816	-0.062920696192581	0.244717378353392
9.440717295819903	30.198044308143061	8.166378760838908	0.035018627485505	0.330475503099862	0.426681260765921	9.440717295819903	30.198044308143061	8.166378760838908	0.035018627485505	0.330475503099862	0.426681260765921
51.277053564431583	22.033186527831919	-21.372516684215615	0.054744809041565	0.037749189766975	0.117186542179319	51.277053564431583	22.033186527831919	-21.372516684215615	0.054744809041565	0.037749189766975	0.117186542179319
24.229006595709482	27.142688238933864	-53.656968324006115	0.044728172783203	-0.028134411473333	-0.234480192729711	24.229006595709482	27.142688238933864	-53.656968324006115	0.044728172783203	-0.028134411473333	-0.234480192729711
-45.391255693923021	-49.276113773952382	-14.889128559480524	-0.026697314041442	-0.163633603959426	-0.046283980649590	-45.391255693923021	-49.276113773952382	-14.889128559480524	-0.026697314041442	-0.163633603959426	-0.046283980649590
-16.000366201713472	-37.581585010219698	-2.674677525035271	0.118259907493173	0.341807524551602	-0.008961127335711	-16.000366201713472	-37.581585010219698	-2.674677525035271	0.118259907493173	0.341807524551602	-0.008961127335711
-13.334727056969829	-42.087099754974908	4.337801110610418	-0.026896959381735	0.047162876067840	-0.081502123969942	-13.334727056969829	-42.087099754974908	4.337801110610418	-0.026896959381735	0.047162876067840	-0.081502123969942
1.031205365011435	-8.994190709849462	7.271840417349608	0.110258554995493	0.229471023208149	0.210212741776802	1.031205365011435	-8.994190709849462	7.271840417349608	0.110258554995493	0.229471023208149	0.210212741776802
19.867896124995021	-4.254546442409488	-13.295772827426473	0.037648231909992	-0.062144456631023	-0.247497640711484	19.867896124995021	-4.254546442409488	-13.295772827426473	0.037648231909992	-0.062144456631023	-0.247497640711484
-4.304282172352467	-31.889019361793675	-14.117806990762080	-0.083570094765509	-0.075315754930342	-0.055695063403799	-4.304282172352467	-31.889019361793675	-14.117806990762080	-0.083570094765509	-0.075315754930342	-0.055695063403799
8.688745254284015	-22.645053746414138	12.422055053441925	0.099488949275885	-0.139435106129381	0.290309125357665	8.688745254284015	-22.645053746414138	12.422055053441925	0.099488949275885	-0.139435106129381	0.290309125357665
12.801498900903260	-5.624790423285610	-17.474802359195994	0.162225118820494	-0.039000723984403	0.004499384615314	12.801498900903260	-5.624790423285610	-17.474802359195994	0.162225118820494	-0.039000723984403	0.004499384615314
39.515380370244486	-14.418751831883748	-15.411990703295423	0.015273532640860	0.051024314899239	0.098037938051291	39.515380370244486	-14.418751831883748	-15.411990703295423	0.015273532640860	0.051024314899239	0.098037938051291
36.974583699148830	-43.353074105521323	-3.689658527992651	-0.178023078077735	0.155455466001652	-0.189758807335909	36.974583699148830	-43.353074105521323	-3.689658527992651	-0.178023078077735	0.155455466001652	-0.189758807335909
-46.151572716263942	-16.529128985582169	-11.917682239911612	-0.039792002852952	-0.096028552749044	-0.133221427387341	-46.151572716263942	-16.529128985582169	-11.917682239911612	-0.039792002852952	-0.096028552749044	-0.133221427387341
-3.033138400487116	-23.409204503785926	-1.310104680568719	0.041819251023723	-0.268403683321024	-0.096686190888556	-3.033138400487116	-23.409204503785926	-1.310104680568719	0.041819251023723	-0.268403683321024	-0.096686190888556
-23.878682761646033	-9.411947158597474	-0.930412040298765	0.133273222526046	-0.296498844711476	-0.141232292952206	-23.878682761646033	-9.411947158597474	-0.930412040298765	0.133273222526046	-0.296498844711476	-0.141232292952206
2.916918291455702	-17.139107333775581	13.607461859154323	0.215059246599595	0.027038693695125	0.210698249972763	2.916918291455702	-17.139107333775581	13.607461859154323	0.215059246599595	0.027038693695125	0.210698249972763
8.376847550847250	20.659698200570006	-21.722879795254347	0.095030394479627	0.170271760539386	-0.077420340703645	8.376847550847250	20.659698200570006	-21.722879795254347	0.095030394479627	0.170271760539386	-0.077420340703645
10.447698770886044	-2.969194261299386	9.264227704458060	-0.097012474105554	0.176948761219591	0.005130186175644	10.447698770886044	-2.969194261299386	9.264227704458060	-0.097012474105554	0.176948761219591	0.005130186175644
34.155799066969436	-38.075921999878553	9.761592790476204	-0.165510617455755	0.033238493509253	0.119055945627576	34.155799066969436	-38.075921999878553	9.761592790476204	-0.165510617455755	0.033238493509253	0.119055945627576
9.217312693088697	-18.356579782272870	-8.190285075560912	0.022139331339471	0.124795182787299	-0.007887399709653	9.217312693088697	-18.356579782272870	-8.190285075560912	0.022139331339471	0.124795182787299	-0.007887399709653
35.570277342187339	-35.047688083296634	-15.352573114823887	-0.005516072119866	-0.221696245625615	-0.014933152548613	35.570277342187339	-35.047688083296634	-15.352573114823887	-0.005516072119866	-0.221696245625615	-0.014933152548613
12.188803354340578	-47.512782129769818	8.340738786342222	0.062630916142046	-0.000599175388389	0.250208854622283	12.188803354340578	-47.512782129769818	8.340738786342222	0.062630916142046	-0.000599175388389	0.250208854622283
-20.907317043058782	1.751092184710367	8.971372561831796	0.058101597580484	0.006958922008585	0.276572796739078	-20.907317043058782	1.751092184710367	8.971372561831796	0.058101597580484	0.006958922008585	0.276572796739078
-16.197925138684830	-13.255616177633524	10.435821557411710	0.134690513042677	-0.019875441766590	-0.097766696255109	-16.197925138684830	-13.255616177633524	10.435821557411710	0.134690513042677	-0.019875441766590	-0.097766696255109
1.359911154516256	-3.886586868132183	14.644152680488318	0.101178230141468	0.018823609165202	-0.070502554587853	1.359911154516256	-3.886586868132183	14.644152680488318	0.101178230141468	0.018823609165202	-0.070502554587853
14.544343634921976	-15.711153826351289	5.616649045279148	0.062836996230630	0.266647830454597	-0.092943101616616	14.544343634921976	-15.711153826351289	5.616649045279148	0.062836996230630	0.266647830454597	-0.092943101616616
-7.410541746199937	9.789599339427696	2.845078284383741	0.084454920796940	-0.003879876658909	-0.030153724589312	-7.410541746199937	9.789599339427696	2.845078284383741	0.084454920796940	-0.003879876658909	-0.030153724589312
39.517299211548725	10.766239613755101	24.084544266622064	0.239880024256996	0.121516738701771	-0.236868491934284	39.517299211548725	10.766239613755101	24.084544266622064	0.239880024256996	0.121516738701771	-0.236868491934284
-3.006292178157806	-3.813262216400996	0.781616966616626	0.168673145595096	-0.108566503270164	-0.117427505845127	-3.006292178157806	-3.813262216400996	0.781616966616626	0.168673145595096	-0.108566503270164	-0.117427505845127
21.657487273039042	4.318274078527708	18.054685758264402	0.159513756557419	0.026555741107988	0.110672016104377	21.657487273039042	4.318274078527708	18.054685758264402	0.159513756557419	0.026555741107988	0.110672016104377
15.467496437335114	-18.368090651305181	-2.454862332438365	0.141422423324232	0.061970224562181	0.011978628326710	15.467496437335114	-18.368090651305181	-2.454862332438365	0.141422423324232	0.061970224562181	0.011978628326710
31.927563586216593	-12.362688805273269	-0.356225890938950	0.042899379521665	-0.144394669026393	0.008834024965395	31.927563586216593	-12.362688805273269	-0.356225890938950	0.042899379521665	-0.144394669026393	0.008834024965395
-12.764734469554130	-3.107076578642096	30.157206766324862	-0.102815754421622	-0.061898931965917	-0.305368004721538	-12.764734469554130	-3.107076578642096	30.157206766324862	-0.102815754421622	-0.061898931965917	-0.305368004721538
-6.975100347763461	19.209912833787914	-23.554279183980306	-0.420033359333896	0.203366355278305	-0.087504904514240	-6.975100347763461	19.209912833787914	-23.554279183980306	-0.420033359333896	0.203366355278305	-0.087504904514240
8.735452810287969	2.099710538381923	23.643109234997858	-0.029266124986588	0.069969783842625	0.035451015220044	8.735452810287969	2.099710538381923	23.643109234997858	-0.029266124986588	0.069969783842625	0.035451015220044
-0.119704748908995	10.437851344915618	23.988047739851950	0.054832844443852	-0.069554655265219	0.221973884247402	-0.119704748908995	10.437851344915618	23.988047739851950	0.054832844443852	-0.069554655265219	0.221973884247402
0.598994191639004	2.802970938344423	-10.294200507966488	-0.005866158818829	0.032890575396266	-0.004928602165800	0.598994191639004	2.802970938344423	-10.294200507966488	-0.005866158818829	0.032890575396266	-0.004928602165800
9.380277648375429	18.528461235804233	22.069176115760875	-0.191044727165321	-0.397550720303086	-0.115386154912870	9.380277648375429	18.528461235804233	22.069176115760875	-0.191044727165321	-0.397550720303086	-0.115386154912870
-0.193645491606766	41.288365202777491	-8.479813824888987	-0.072894017816546	-0.022613224697325	0.011884547239868	-0.193645491606766	41.288365202777491	-8.479813824888987	-0.072894017816546	-0.022613224697325	0.011884547239868
33.788272307488420	-18.129133750562293	7.852996988210728	-0.136994787722947	0.154452844050987	0.086014459729279	33.788272307488420	-18.129133750562293	7.852996988210728	-0.136994787722947	0.154452844050987	0.086014459729279
34.277585345464388	-17.748233072456198	-5.044490098375470	-0.177162894220063	0.047425913027039	0.063794688870703	34.277585345464388	-17.748233072456198	-5.044490098375470	-0.177162894220063	0.047425913027039	0.063794688870703
35.071077166416487	8.191616796635733	-1.817228675226034	-0.334633905273387	-0.071455118746426	0.031808592951002	35.071077166416487	8.191616796635733	-1.817228675226034	-0.334633905273387	-0.071455118746426	0.031808592951002
-6.806048282477306	29.108059192661226	-19.266864055400617	-0.169414339094681	-0.291377700795140	-0.092991500757012	-6.806048282477306	29.108059192661226	-19.266864055400617	-0.169414339094681	-0.291377700795140	-0.092991500757012
-58.226312917152967	-6.829025462894931	-3.161552626017937	-0.244177357158707	0.047621240700959	0.077692568041521	-58.226312917152967	-6.829025462894931	-3.161552626017937	-0.244177357158707	0.047621240700959	0.077692568041521
-23.941023095047331	18.980690857886145	-9.202169018667234	-0.042105540045045	-0.029512787911395	-0.077002717363050	-23.941023095047331	18.980690857886145	-9.202169018667234	-0.042105540045045	-0.029512787911395	-0.077002717363050
-11.961756589368768	7.510973951935240	17.408463971347576	-0.290223152780210	0.322316788622684	0.069139528493861	-11.961756589368768	7.510973951935240	17.408463971347576	-0.290223152780210	0.322316788622684	0.069139528493861
22.322078811081045	31.383591215399541	-17.340449337591963	-0.221613829592757	0.164055889722122	-0.076530387092071	22.322078811081045	31.383591215399541	-17.340449337591963	-0.221613829592757	0.164055889722122	-0.076530387092071
6.526986785974715	14.120789016592720	-16.334654713150126	0.105744765934273	-0.187919441030535	-0.124369827476625	6.526986785974715	14.120789016592720	-16.334654713150126	0.105744765934273	-0.187919441030535	-0.124369827476625
26.365581476415041	40.453595286617457	-6.363023764034115	0.202175574528801	0.009805010676264	-0.087813561268446	26.365581476415041	40.453595286617457	-6.363023764034115	0.202175574528801	0.009805010676264	-0.087813561268446
29.810997266325231	62.488987966344219	8.456768871192796	0.396671834228013	-0.070640150990745	0.215901644966500	29.810997266325231	62.488987966344219	8.456768871192796	0.396671834228013	-0.070640150990745	0.215901644966500
9.212657228975225	24.522165254706888	12.450357178491304	0.144860057893077	-0.003130803147644	0.106662305571378	9.212657228975225	24.522165254706888	12.450357178491304	0.144860057893077	-0.003130803147644	0.106662305571378
6.089640821009739	60.918959897124438	20.421557023532632	0.192261436175533	0.437063209191555	0.037285790495024	6.089640821009739	60.918959897124438	20.421557023532632	0.192261436175533	0.437063209191555	0.037285790495024
-44.485589408916042	-46.934822044501225	10.269045384972225	0.167625028676453	-0.125358231258364	0.091858340342135	-44.485589408916042	-46.934822044501225	10.269045384972225	0.167625028676453	-0.125358231258364	0.091858340342135
-1.662788504579664	-39.708812027982681	20.249199470303314	0.060964839210436	0.003215025218663	-0.408206541740163	-1.662788504579664	-39.708812027982681	20.249199470303314	0.060964839210436	0.003215025218663	-0.408206541740163
-8.458690648506993	-12.688128520245142	-17.717107372714295	-0.113388524512418	0.040624421763712	0.160978402001721	-8.458690648506993	-12.688128520245142	-17.717107372714295	-0.113388524512418	0.040624421763712	0.160978402001721
4.202122117700515	-42.156196926797989	-0.867380436877289	0.501394155681145	-0.090413295487981	-0.080661136887309	4.202122117700515	-42.156196926797989	-0.867380436877289	0.501394155681145	-0.090413295487981	-0.080661136887309
-5.401677520395730	-32.631284218870221	-2.126623815818387	-0.087356597708540	-0.131205215921122	0.269972149651734	-5.401677520395730	-32.631284218870221	-2.126623815818387	-0.087356597708540	-0.131205215921122	0.269972149651734
5.301969350823272	-27.440588018071104	21.765858766063143	0.087367711998604	0.071022906984273	0.100186075513758	5.301969350823272	-27.440588018071104	21.765858766063143	0.087367711998604	0.071022906984273	0.100186075513758
12.937629689289752	-25.250167402154293	21.937736544357403	0.048800062453865	-0.201356811494793	-0.025419689175554	12.937629689289752	-25.250167402154293	21.937736544357403	0.048800062453865	-0.201356811494793	-0.025419689175554
-8.329306035124114	-36.538742380112154	30.278534493021663	0.004689773464111	-0.165477473886153	0.139642381387326	-8.329306035124114	-36.538742380112154	30.278534493021663	0.004689773464111	-0.165477473886153	0.139642381387326
21.250414052015032	-32.992590645224070	18.810405896096412	0.064650187299817	0.022994293814728	-0.042144129896841	21.250414052015032	-32.992590645224070	18.810405896096412	0.064650187299817	0.022994293814728	-0.042144129896841
50.126489995913609	-45.438148112152120	33.291068455702096	-0.236733726433682	0.152260206366822	-0.497007120753727	50.126489995913609	-45.438148112152120	33.291068455702096	-0.236733726433682	0.152260206366822	-0.497007120753727
-12.112396504363558	-18.470640360959990	0.433304908559624	-0.046437194527769	-0.088414508818091	0.087804765172098	-12.112396504363558	-18.470640360959990	0.433304908559624	-0.046437194527769	-0.088414508818091	0.087804765172098
-3.487505463152018	13.213383656504083	11.222950872799268	-0.218725860766204	-0.037028164064156	-0.031637303084723	-3.487505463152018	13.213383656504083	11.222950872799268	-0.218725860766204	-0.037028164064156	-0.031637303084723
-1.856531323969226	-26.173516055201492	20.287118741057103	0.067671825883875	-0.011492342789812	0.094036394121570	-1.856531323969226	-26.173516055201492	20.287118741057103	0.067671825883875	-0.011492342789812	0.094036394121570
-8.944715148633140	-17.409963981829730	20.076948685077905	0.082933074271574	-0.150894056253655	-0.049550499600405	-8.944715148633140	-17.409963981829730	20.076948685077905	0.082933074271574	-0.150894056253655	-0.049550499600405
2.087051615835211	-12.741732617473572	-7.408557089836456	-0.185159440138658	-0.040850706919203	-0.031727524357935	2.087051615835211	-12.741732617473572	-7.408557089836456	-0.185159440138658	-0.040850706919203	-0.031727524357935
11.947888241773088	-18.202142626108088	18.406230170264088	0.004765052591036	0.118915757090349	0.196321581541982	11.947888241773088	-18.202142626108088	18.406230170264088	0.004765052591036	0.118915757090349	0.196321581541982
28.256650225789432	-40.860653721571254	-6.580303396683136	0.021494540255200	0.005018737453627	-0.171847194817853	28.256650225789432	-40.860653721571254	-6.580303396683136	0.021494540255200	0.005018737453627	-0.171847194817853
28.661630900889481	-18.157082841122552	48.967681169890099	-0.134918296841222	-0.204694274068157	0.238587109459473	28.661630900889481	-18.157082841122552	48.967681169890099	-0.134918296841222	-0.204694274068157	0.238587109459473
48.882988310402808	-31.453397558194542	12.011785861186819	0.019400144029013	0.060184023646634	-0.076784475403900	48.882988310402808	-31.453397558194542	12.011785861186819	0.019400144029013	0.060184023646634	-0.076784475403900
10.692863511603116	-53.888985870327261	1.356254978358247	-0.087620591625099	0.057100357339054	0.055689894021143	10.692863511603116	-53.888985870327261	1.356254978358247	-0.087620591625099	0.057100357339054	0.055689894021143
-20.472186202279783	3.625684078112270	38.003711606952159	0.251974260716286	-0.184925991071031	-0.041479016112698	-20.472186202279783	3.625684078112270	38.003711606952159	0.251974260716286	-0.184925991071031	-0.041479016112698
-21.361772893769128	-2.412850023560364	1.468459463631671	-0.021643388354450	0.294962016441606	-0.002446223165036	-21.361772893769128	-2.412850023560364	1.468459463631671	-0.021643388354450	0.294962016441606	-0.002446223165036
-17.424421428019784	-11.858268226600231	17.221869510226362	0.209925495192101	-0.122078347868957	0.003796414785025	-17.424421428019784	-11.858268226600231	17.221869510226362	0.209925495192101	-0.122078347868957	0.003796414785025
-4.422549645936009	-23.740366012541589	27.757631880466526	-0.140143658509161	0.119345504636311	-0.166551899926761	-4.422549645936009	-23.740366012541589	27.757631880466526	-0.140143658509161	0.119345504636311	-0.166551899926761
28.331804822790058	-10.546127493733897	8.815705602996402	-0.043926591471850	0.158713545367752	0.063648655460016	28.331804822790058	-10.546127493733897	8.815705602996402	-0.043926591471850	0.158713545367752	0.063648655460016
4.993272563125672	-14.429947600239762	28.071053007515900	-0.239222648340768	0.041616281577672	0.076067582405550	4.993272563125672	-14.429947600239762	28.071053007515900	-0.239222648340768	0.041616281577672	0.076067582405550
22.015835935746018	-35.178868877974764	5.754849438818270	0.143784859147541	-0.207151121300401	0.037142504365715	22.015835935746018	-35.178868877974764	5.754849438818270	0.143784859147541	-0.207151121300401	0.037142504365715
23.599804937454781	-28.608687644687922	10.635030724393227	0.275800957539086	-0.075820282449422	0.157565889203758	23.599804937454781	-28.608687644687922	10.635030724393227	0.275800957539086	-0.075820282449422	0.157565889203758
42.638365856992380	-34.591354722914438	-2.276930116041841	0.076716807652896	0.061865562477576	-0.164212573231514	42.638365856992380	-34.591354722914438	-2.276930116041841	0.076716807652896	0.061865562477576	-0.164212573231514
41.967473027614190	-17.204560464360522	20.651910957771371	-0.061677200884523	-0.191394541875324	0.044676181905953	41.967473027614190	-17.204560464360522	20.651910957771371	-0.061677200884523	-0.191394541875324	0.044676181905953
-34.385027648467641	-3.615505466487323	16.836646631645642	-0.125473822759458	0.118718489250205	0.207632791174249	-34.385027648467641	-3.615505466487323	16.836646631645642	-0.125473822759458	0.118718489250205	0.207632791174249
-40.736237611662318	14.714811542041273	-22.191558137535061	-0.023146570463157	-0.136218978361446	-0.217795015926021	-40.736237611662318	14.714811542041273	-22.191558137535061	-0.023146570463157	-0.136218978361446	-0.217795015926021
-4.716259399103938	8.824618958912959	18.158008510665031	0.147911214434208	-0.114783935614324	-0.128444014589865	-4.716259399103938	8.824618958912959	18.158008510665031	0.147911214434208	-0.114783935614324	-0.128444014589865
-7.040874947998916	-6.097361862584791	12.870967983216996	-0.056066448776631	-0.170042699024227	-0.368077311989921	-7.040874947998916	-6.097361862584791	12.870967983216996	-0.056066448776631	-0.170042699024227	-0.368077311989921
7.834969868052263	3.593080371121008	4.630230587602401	0.088561486080721	0.257699970460364	-0.107498833222538	7.834969868052263	3.593080371121008	4.630230587602401	0.088561486080721	0.257699970460364	-0.107498833222538
-29.052999135692740	21.944004317118207	30.871722873453088	-0.144939179463871	-0.031472838663382	0.012616139378259	-29.052999135692740	21.944004317118207	30.871722873453088	-0.144939179463871	-0.031472838663382	0.012616139378259
20.333827171717889	-15.939978865856453	17.434400665042670	-0.064781206732447	0.173872675240101	0.100778454933313	20.333827171717889	-15.939978865856453	17.434400665042670	-0.064781206732447	0.173872675240101	0.100778454933313
9.794672054465718	23.447357690075581	51.784706462549345	-0.049986536745277	-0.218982877513088	0.021885872179420	9.794672054465718	23.447357690075581	51.784706462549345	-0.049986536745277	-0.218982877513088	0.021885872179420
25.359938569789186	4.059168196706656	10.544219483526129	0.051847101129662	-0.122279032257933	0.107950460059876	25.359938569789186	4.059168196706656	10.544219483526129	0.051847101129662	-0.122279032257933	0.107950460059876
32.301999481899280	19.938560653432791	17.009943697945577	-0.085838990718864	-0.141423083706214	-0.077573999814753	32.301999481899280	19.938560653432791	17.009943697945577	-0.085838990718864	-0.141423083706214	-0.077573999814753
-16.603616414261040	11.572397509413413	11.991566120421023	-0.100658203970376	0.022171318205679	-0.045330917116566	-16.603616414261040	11.572397509413413	11.991566120421023	-0.100658203970376	0.022171318205679	-0.045330917116566
-9.462907166488661	46.011235046790709	-8.145844057433631	0.059035005527416	0.116280885865454	0.075008282314613	-9.462907166488661	46.011235046790709	-8.145844057433631	0.059035005527416	0.116280885865454	0.075008282314613
-5.737421504166762	24.719258379617131	12.626091487592838	0.134909530491284	-0.041242131233879	-0.171475206249904	-5.737421504166762	24.719258379617131	12.626091487592838	0.134909530491284	-0.041242131233879	-0.171475206249904
-15.738570276598390	18.993072246411998	11.293181036184544	-0.352642705673028	0.012770869556020	0.190431590739588	-15.738570276598390	18.993072246411998	11.293181036184544	-0.352642705673028	0.012770869556020	0.190431590739588
3.845353416978674	29.935276532022812	24.211776747829045	0.228030539256159	0.055016439746102	0.120063284962814	3.845353416978674	29.935276532022812	24.211776747829045	0.228030539256159	0.055016439746102	0.120063284962814
12.149741758108826	30.134663041125268	19.201514241555284	-0.108051103220375	0.119494732333667	-0.173971423634986	12.149741758108826	30.134663041125268	19.201514241555284	-0.108051103220375	0.119494732333667	-0.173971423634986
-4.517720079249269	7.565370315872430	30.708415101526683	-0.040882499816113	-0.077451239848215	0.137629359615698	-4.517720079249269	7.565370315872430	30.708415101526683	-0.040882499816113	-0.077451239848215	0.137629359615698
6.001117970549307	33.436645426299663	29.916961406802528	-0.096573042716663	-0.028553374785281	-0.167955077799545	6.001117970549307	33.436645426299663	29.916961406802528	-0.096573042716663	-0.028553374785281	-0.167955077799545
38.634986909550911	14.487031362725894	2.151544107712439	0.099351357240675	-0.002346860481290	0.003966824418405	38.634986909550911	14.487031362725894	2.151544107712439	0.099351357240675	-0.002346860481290	0.003966824418405
55.776736454005757	28.514030987284166	8.527338760488538	0.151116197085837	0.041297812525823	-0.164390093044118	55.776736454005757	28.514030987284166	8.527338760488538	0.151116197085837	0.041297812525823	-0.164390093044118
-26.879628682384880	-44.949967674788105	22.572065743182357	-0.122964052333132	-0.091841341771847	0.129704861860652	-26.879628682384880	-44.949967674788105	22.572065743182357	-0.122964052333132	-0.091841341771847	0.129704861860652
-19.386705257179369	-26.608642951716973	6.166256092942902	-0.078849085704514	0.120289554789096	-0.186526650405242	-19.386705257179369	-26.608642951716973	6.166256092942902	-0.078849085704514	0.120289554789096	-0.186526650405242
4.243314308140148	-48.999548618042191	4.560106667785542	0.105979488324456	-0.162253624546270	-0.194617972208293	4.243314308140148	-48.999548618042191	4.560106667785542	0.105979488324456	-0.162253624546270	-0.194617972208293
50.384754049911422	-9.694061050131838	46.890868852123440	-0.002965076314285	0.317346446067992	-0.135260245608110	50.384754049911422	-9.694061050131838	46.890868852123440	-0.002965076314285	0.317346446067992	-0.135260245608110
27.715215503327538	-41.178323347882227	21.295073745887937	-0.044227756234516	0.156591013518732	0.019847517912485	27.715215503327538	-41.178323347882227	21.295073745887937	-0.044227756234516	0.156591013518732	0.019847517912485
20.328474852193249	-21.329555692117534	24.982213440107913	-0.276415719257308	-0.065925079897315	-0.024454120256379	20.328474852193249	-21.329555692117534	24.982213440107913	-0.276415719257308	-0.065925079897315	-0.024454120256379
16.292643520068236	-38.857514422938408	25.719886277533284	-0.005591278315018	-0.201290865242451	-0.023309509780351	16.292643520068236	-38.857514422938408	25.719886277533284	-0.005591278315018	-0.201290865242451	-0.023309509780351
17.796944790555312	-29.577248915100682	35.620816468638878	-0.124810167431721	0.165779511391850	-0.123527934795769	17.796944790555312	-29.577248915100682	35.620816468638878	-0.124810167431721	0.165779511391850	-0.123527934795769
28.236151298450206	-26.232586746352631	25.133770320422336	0.098121853825965	-0.010433689535771	-0.169542959105262	28.236151298450206	-26.232586746352631	25.133770320422336	0.098121853825965	-0.010433689535771	-0.169542959105262
41.751436372337572	-22.767625306282884	47.326694743286993	0.010799350275738	-0.172269208076823	0.104520340016989	41.751436372337572	-22.767625306282884	47.326694743286993	0.010799350275738	-0.172269208076823	0.104520340016989
-33.535925125514680	-34.680616029174196	37.980252703915312	0.014564751176662	-0.155096490713623	-0.013982267843744	-33.535925125514680	-34.680616029174196	37.980252703915312	0.014564751176662	-0.155096490713623	-0.013982267843744
-26.655164937001746	-33.430673311527762	13.750969791008725	-0.171557032388356	0.007655644939655	0.292486294928711	-26.655164937001746	-33.430673311527762	13.750969791008725	-0.171557032388356	0.007655644939655	0.292486294928711
-12.640120725128668	-29.863710761340837	31.206370141442264	-0.004456569721513	0.037530428762265	-0.087262447296800	-12.640120725128668	-29.863710761340837	31.206370141442264	-0.004456569721513	0.037530428762265	-0.087262447296800
-15.981796402248955	-31.369197419237487	37.930051159963995	-0.084728770547942	-0.328350387818981	0.294563042188533	-15.981796402248955	-31.369197419237487	37.930051159963995	-0.084728770547942	-0.328350387818981	0.294563042188533
-2.417885315170617	-12.226504404417197	30.918057287210068	-0.187532551090058	0.051639128038794	-0.131211943837567	-2.417885315170617	-12.226504404417197	30.918057287210068	-0.187532551090058	0.051639128038794	-0.131211943837567
6.257034806133093	-22.979208698188767	38.653361593624815	0.294199345916170	-0.258547261141612	-0.041873528768396	6.257034806133093	-22.979208698188767	38.653361593624815	0.294199345916170	-0.258547261141612	-0.041873528768396
8.990554569055538	-11.989869402722237	11.442742197629954	-0.258650374257081	-0.105686013308090	0.016779288905934	8.990554569055538	-11.989869402722237	11.442742197629954	-0.258650374257081	-0.105686013308090	0.016779288905934
17.129369448183901	-8.003948631576348	29.610269816167886	-0.283483143390271	0.115651420662936	0.231525705896294	17.129369448183901	-8.003948631576348	29.610269816167886	-0.283483143390271	0.115651420662936	0.231525705896294
27.500702622074130	-14.023075263736409	31.404451870728327	-0.069454538929469	-0.198930929369653	0.022249286871164	27.500702622074130	-14.023075263736409	31.404451870728327	-0.069454538929469	-0.198930929369653	0.022249286871164
31.000073337898215	-18.964106003376230	23.846407197201032	0.085645617449433	-0.240588352592946	-0.045645379489555	31.000073337898215	-18.964106003376230	23.846407197201032	0.085645617449433	-0.240588352592946	-0.045645379489555
-25.138776878628434	-29.139148104660677	20.740913880163173	0.248221693208106	-0.038240287704086	0.205304841406500	-25.138776878628434	-29.139148104660677	20.740913880163173	0.248221693208106	-0.038240287704086	0.205304841406500
-41.829078705663697	-8.841153824594347	15.276206045686449	-0.155691106762356	0.036436931731714	0.027265138949373	-41.829078705663697	-8.841153824594347	15.276206045686449	-0.155691106762356	0.036436931731714	0.027265138949373
-38.604022384634312	-23.169217926833436	6.424888531025933	0.082539860932175	-0.022797543747174	-0.192363587371643	-38.604022384634312	-23.169217926833436	6.424888531025933	0.082539860932175	-0.022797543747174	-0.192363587371643
-10.250780660909408	-10.655495248509389	33.145698815939916	0.318141804048617	-0.111831728394513	-0.037773399072167	-10.250780660909408	-10.655495248509389	33.145698815939916	0.318141804048617	-0.111831728394513	-0.037773399072167
0.780671836553612	-14.498164289633859	21.082740543281535	-0.049485132616403	0.059093500662253	0.203799596521038	0.780671836553612	-14.498164289633859	21.082740543281535	-0.049485132616403	0.059093500662253	0.203799596521038
8.370245320961434	14.488943649211022	38.297936495982334	-0.274008827578342	0.091629217655768	-0.109233240978061	8.370245320961434	14.488943649211022	38.297936495982334	-0.274008827578342	0.091629217655768	-0.109233240978061
12.923063489398588	-17.849476026204879	29.827387407101192	0.118792069614783	0.186545445231923	0.044206267314212	12.923063489398588	-17.849476026204879	29.827387407101192	0.118792069614783	0.186545445231923	0.044206267314212
32.928651631362939	-25.822583540006043	0.027328103778138	0.324731514348956	-0.149360504395481	0.081296523089338	32.928651631362939	-25.822583540006043	0.027328103778138	0.324731514348956	-0.149360504395481	0.081296523089338
53.709561916090664	-18.355879756310230	27.676400535949639	0.075492726291642	-0.084784949837898	-0.179582928546207	53.709561916090664	-18.355879756310230	27.676400535949639	0.075492726291642	-0.084784949837898	-0.179582928546207
39.177016192892125	0.194745606768629	17.803385781432109	0.192519039888681	-0.191893454423365	-0.065198325775921	39.177016192892125	0.194745606768629	17.803385781432109	0.192519039888681	-0.191893454423365	-0.065198325775921
-25.279201368886387	-22.208299547208370	2.697680337032973	0.001113237457021	0.201410180915462	0.227509282968558	-25.279201368886387	-22.208299547208370	2.697680337032973	0.001113237457021	0.201410180915462	0.227509282968558
-22.228925282699819	-3.421686104861875	34.863223352117600	0.007340375049104	0.231119562605034	0.137881410853829	-22.228925282699819	-3.421686104861875	34.863223352117600	0.007340375049104	0.231119562605034	0.137881410853829
-24.909822679186146	5.206003195240604	59.031172896650233	-0.122935269081150	0.003401716259479	-0.078858428845567	-24.909822679186146	5.206003195240604	59.031172896650233	-0.122935269081150	0.003401716259479	-0.078858428845567
1.359976750526555	5.996063090292989	35.538156952347350	0.213232205428320	-0.043748607762011	0.103430478631385	1.359976750526555	5.996063090292989	35.538156952347350	0.213232205428320	-0.043748607762011	0.103430478631385
8.625733640907590	6.988630955993756	34.050157740695319	-0.080766011668744	-0.069892662463385	0.178022966317798	8.625733640907590	6.988630955993756	34.050157740695319	-0.080766011668744	-0.069892662463385	0.178022966317798
-12.318131906527352	6.261419052119823	31.679102618689779	-0.037590504910733	0.022457246864029	0.213133691045380	-12.318131906527352	6.261419052119823	31.679102618689779	-0.037590504910733	0.022457246864029	0.213133691045380
9.534614290415711	19.023919621331626	31.203107199423833	0.235257205707172	0.022469006524405	0.181138583292399	9.534614290415711	19.023919621331626	31.203107199423833	0.235257205707172	0.022469006524405	0.181138583292399
15.463818621829489	5.088225807147590	27.562034185076548	0.063451813082478	-0.074680982447992	0.059081968702715	15.463818621829489	5.088225807147590	27.562034185076548	0.063451813082478	-0.074680982447992	0.059081968702715
41.646735233398310	1.976661988978000	24.837302217541119	0.194393926495099	0.039511641898887	-0.074755864892320	41.646735233398310	1.976661988978000	24.837302217541119	0.194393926495099	0.039511641898887	-0.074755864892320
33.003501169904702	6.526565576141362	33.752390892361305	-0.029451031627716	-0.012872827223453	-0.009090252312671	33.003501169904702	6.526565576141362	33.752390892361305	-0.029451031627716	-0.012872827223453	-0.009090252312671
-29.742541097886662	9.810788606890561	16.622565827517214	0.029551433908719	-0.081601294861870	-0.067518494772800	-29.742541097886662	9.810788606890561	16.622565827517214	0.029551433908719	-0.081601294861870	-0.067518494772800
-20.420184900913185	38.754068817693636	25.683766772290056	-0.155181131229734	0.209375958403210	0.212515880056138	-20.420184900913185	38.754068817693636	25.683766772290056	-0.155181131229734	0.209375958403210	0.212515880056138
-13.038647804325883	-6.158327128427583	4.867400856347947	-0.070193427542956	0.093379043394704	0.102502845021918	-13.038647804325883	-6.158327128427583	4.867400856347947	-0.070193427542956	0.093379043394704	0.102502845021918
-18.239065026371811	-3.598379645345908	23.828338796267605	-0.015398750314990	-0.036334306351433	-0.280939682001815	-18.239065026371811	-3.598379645345908	23.828338796267605	-0.015398750314990	-0.036334306351433	-0.280939682001815
-13.697592432447655	-1.269786390479829	17.555859550908089	0.123919728030245	-0.101086185187254	-0.035199656224904	-13.697592432447655	-1.269786390479829	17.555859550908089	0.123919728030245	-0.101086185187254	-0.035199656224904
18.475996824791324	37.717030259773622	52.430273817862201	0.135293526584568	-0.183857474649985	0.021464899020707	18.475996824791324	37.717030259773622	52.430273817862201	0.135293526584568	-0.183857474649985	0.021464899020707
2.257772850846864	17.745507227819772	21.196091774778989	0.039276054709910	-0.037588832411755	0.070616757465914	2.257772850846864	17.745507227819772	21.196091774778989	0.039276054709910	-0.037588832411755	0.070616757465914
15.375937354010643	23.547008259454437	32.515799728073787	-0.333718838420715	0.118894270360021	0.133744130891233	15.375937354010643	23.547008259454437	32.515799728073787	-0.333718838420715	0.118894270360021	0.133744130891233
21.162904742285644	30.029204461916919	34.066654322902366	-0.078499181748526	0.139355817372106	0.173530637001798	21.162904742285644	30.029204461916919	34.066654322902366	-0.078499181748526	0.139355817372106	0.173530637001798
24.389388574938156	10.598412198352539	7.193760216329397	-0.356484922076398	0.075080957273063	-0.376814145752216	24.389388574938156	10.598412198352539	7.193760216329397	-0.356484922076398	0.075080957273063	-0.376814145752216

Average Thermodynamics Variables of the simulation:
<E> = -6.2936e-10	E/<E> = 2.4937e-04	<K> = 8.3087e-11	<U> = -7.1245e-10	100<Up>/<U> = 5.4119e-13	<T> = 1.6112e+03	<P> = 4.4731e+08
