250	65.82202879121452
43.18710578635047	31.988743498927384	40.15953397197898	0.09288067267460778	0.08024801066324923	-0.18477102550021868	43.18710578635047	31.988743498927384	40.15953397197898	0.09288067267460778	0.08024801066324923	-0.18477102550021868
48.66701616928182	38.42080529124317	42.89061607621486	0.019314714617804693	0.036287554000884986	-0.029252011000627822	48.66701616928182	38.42080529124317	42.89061607621486	0.019314714617804693	0.036287554000884986	-0.029252011000627822
2.93944581164162	36.52770648606967	35.58943603514285	0.38667665204715873	-0.25929492114772956	0.03044419757345752	2.93944581164162	36.52770648606967	35.58943603514285	0.38667665204715873	-0.25929492114772956	0.03044419757345752
51.631964048412556	42.95806554469115	31.430378893867413	0.12535424674278775	-0.04788460285262155	-0.1283150590726454	51.631964048412556	42.95806554469115	31.430378893867413	0.12535424674278775	-0.04788460285262155	-0.1283150590726454
65.4998997528326	48.888395640863195	48.74632527644318	-0.0713291604711258	0.12211755149960704	-0.17292231801678423	65.4998997528326	48.888395640863195	48.74632527644318	-0.0713291604711258	0.12211755149960704	-0.17292231801678423
6.505930753463188	47.67018245631753	52.99337667767983	0.009701531197979396	-0.028248994593228983	0.12390627551822037	6.505930753463188	47.67018245631753	52.99337667767983	0.009701531197979396	-0.028248994593228983	0.12390627551822037
7.109183806084889	23.97496756998687	31.255273573520522	0.24960559981975736	0.1671868167743444	0.17308912998069798	7.109183806084889	23.97496756998687	31.255273573520522	0.24960559981975736	0.1671868167743444	0.17308912998069798
15.118735777393477	39.01238220753273	45.54462892585171	0.03381445685230407	0.10895218332534855	-0.04195439595110611	15.118735777393477	39.01238220753273	45.54462892585171	0.03381445685230407	0.10895218332534855	-0.04195439595110611
34.50874806905962	41.610220698551174	36.485687366847834	0.03195924584389174	0.019709739662763362	0.00022858681655547357	34.50874806905962	41.610220698551174	36.485687366847834	0.03195924584389174	0.019709739662763362	0.00022858681655547357
34.87565431696956	50.205045205131974	54.11859766613104	-0.17492828004837715	-0.16920406333072263	-0.18163026962933798	34.87565431696956	50.205045205131974	54.11859766613104	-0.17492828004837715	-0.16920406333072263	-0.18163026962933798
36.404014577632324	44.32571616125597	47.62200163280642	-0.052795219895749125	0.19325638377483267	-0.14723775021850916	36.404014577632324	44.32571616125597	47.62200163280642	-0.052795219895749125	0.19325638377483267	-0.14723775021850916
46.07851524898809	49.88744029425863	53.52199393881642	0.08237316058012735	-0.049677153136993654	-0.0028014688906376614	46.07851524898809	49.88744029425863	53.52199393881642	0.08237316058012735	-0.049677153136993654	-0.0028014688906376614
57.07568538172067	37.54785799195847	39.66253326011143	-0.22028246236530116	-0.32512874819384985	-0.10438614103517718	57.07568538172067	37.54785799195847	39.66253326011143	-0.22028246236530116	-0.32512874819384985	-0.10438614103517718
55.58062982626363	52.58326948682074	42.17263580145722	0.06846513821742053	-0.022836372032473407	0.1113795714320594	55.58062982626363	52.58326948682074	42.17263580145722	0.06846513821742053	-0.022836372032473407	0.1113795714320594
63.001500824205415	56.677437223968916	43.22386665987865	-0.023468146866301505	-0.19753827963506104	0.07465226274509885	63.001500824205415	56.677437223968916	43.22386665987865	-0.023468146866301505	-0.19753827963506104	0.07465226274509885
58.83480841827852	0.10713617487815875	45.30890469205398	0.07798568250085082	-0.06460157500310355	0.038992710404913804	58.83480841827852	0.10713617487815875	45.30890469205398	0.07798568250085082	-0.06460157500310355	0.038992710404913804
15.997438994092647	47.68027088261502	30.37011286958697	0.020738876820511558	0.1439901923925612	-0.1963062494447306	15.997438994092647	47.68027088261502	30.37011286958697	0.020738876820511558	0.1439901923925612	-0.1963062494447306
34.386289623081936	48.996970362116386	39.39343095811313	-0.12473868111198302	-0.2780525870592381	-0.11347562647763305	34.386289623081936	48.996970362116386	39.39343095811313	-0.12473868111198302	-0.2780525870592381	-0.11347562647763305
30.612066165738465	52.00719540189373	32.71105580064951	0.31542015905170684	0.24500505800435296	0.23673997344092407	30.612066165738465	52.00719540189373	32.71105580064951	0.31542015905170684	0.24500505800435296	0.23673997344092407
22.046402109668566	6.871434489979443	51.07157662626133	0.03194826820666852	0.1582721472201197	0.3170852937371079	22.046402109668566	6.871434489979443	51.07157662626133	0.03194826820666852	0.1582721472201197	0.3170852937371079
42.365098271103626	62.93392898281055	31.393677668790325	0.015183821065129527	0.010489168456656189	-0.0694952363886445	42.365098271103626	62.93392898281055	31.393677668790325	0.015183821065129527	0.010489168456656189	-0.0694952363886445
45.633349285122485	61.33701085744562	48.110447273509095	-0.04162192190739697	0.11133835233814125	0.09213184163354722	45.633349285122485	61.33701085744562	48.110447273509095	-0.04162192190739697	0.11133835233814125	0.09213184163354722
51.93752032627189	56.26338289740709	34.34954930304518	0.23779716646058333	-0.02602127325884328	0.05487497729976371	51.93752032627189	56.26338289740709	34.34954930304518	0.23779716646058333	-0.02602127325884328	0.05487497729976371
44.69490016733244	9.744521813929829	44.721271574807055	-0.02280023998538242	-0.015297883214405918	-0.025602117658591276	44.69490016733244	9.744521813929829	44.721271574807055	-0.02280023998538242	-0.015297883214405918	-0.025602117658591276
59.445752331928496	1.462548142229325	36.298837922702994	0.0449137398922033	0.07110532556815286	-0.056767328313253006	59.445752331928496	1.462548142229325	36.298837922702994	0.0449137398922033	0.07110532556815286	-0.056767328313253006
8.480241110741995	63.907944948338994	35.240251008321955	0.13761049474430198	0.1371036024723663	-0.1908415003775461	8.480241110741995	63.907944948338994	35.240251008321955	0.13761049474430198	0.1371036024723663	-0.1908415003775461
14.60448764314206	60.60425991820426	40.23582365564667	0.10031246539195764	0.15606084723289881	-0.24880730826983047	14.60448764314206	60.60425991820426	40.23582365564667	0.10031246539195764	0.15606084723289881	-0.24880730826983047
20.53347289707357	60.26065669989357	45.311728942148974	-0.0036287021224298776	-0.09743574030231227	-0.005869276725036106	20.53347289707357	60.26065669989357	45.311728942148974	-0.0036287021224298776	-0.09743574030231227	-0.005869276725036106
25.855942114497935	1.4049382818282012	46.27181391095787	0.06059125205561972	-0.02756263310926506	-0.08155120487336147	25.855942114497935	1.4049382818282012	46.27181391095787	0.06059125205561972	-0.02756263310926506	-0.08155120487336147
32.33713204719346	64.54305233626563	49.628134236651945	-0.1274104880554207	0.14630881286950476	0.08583673092216215	32.33713204719346	64.54305233626563	49.628134236651945	-0.1274104880554207	0.14630881286950476	0.08583673092216215
44.09387897663575	9.220183860045768	35.08619031465147	-0.0035220843327896773	-0.016637242879203252	0.07338694184412665	44.09387897663575	9.220183860045768	35.08619031465147	-0.0035220843327896773	-0.016637242879203252	0.07338694184412665
50.46029313471277	28.887357291240498	37.95547874298608	0.070305327023409	-0.08051583658983169	-0.1007289809803135	50.46029313471277	28.887357291240498	37.95547874298608	0.070305327023409	-0.08051583658983169	-0.1007289809803135
52.50130409646009	30.73390186021248	50.6017124674424	-0.006628625963328794	0.17343993018734874	-0.2558350305496538	52.50130409646009	30.73390186021248	50.6017124674424	-0.006628625963328794	0.17343993018734874	-0.2558350305496538
60.86836225390328	28.752356329173313	53.12749927155822	0.2853769000923965	0.08391833684791221	0.07663504153384194	60.86836225390328	28.752356329173313	53.12749927155822	0.2853769000923965	0.08391833684791221	0.07663504153384194
5.092059321398282	11.9048647012901	37.562916558889384	-0.0486060652650697	-0.09958282353987385	0.12220223948791535	5.092059321398282	11.9048647012901	37.562916558889384	-0.0486060652650697	-0.09958282353987385	0.12220223948791535
0.8557197901334247	20.956158000771758	41.84178674595974	-0.05021885476053067	0.19836471123321694	-0.07260203347641589	0.8557197901334247	20.956158000771758	41.84178674595974	-0.05021885476053067	0.19836471123321694	-0.07260203347641589
1.3609153004204184	1.198397078132357	44.81168519231436	0.008587921874322559	-0.04271091099441989	0.11121507728277279	1.3609153004204184	1.198397078132357	44.81168519231436	0.008587921874322559	-0.04271091099441989	0.11121507728277279
17.876234407760457	23.484826415473375	43.26271958916295	0.1194355607096068	-0.11668164675045743	0.061783036518920226	17.876234407760457	23.484826415473375	43.26271958916295	0.1194355607096068	-0.11668164675045743	0.061783036518920226
30.862032597584093	12.25946327794003	32.73481317588702	-0.13534897771802928	0.18839617451112545	0.08899855843719782	30.862032597584093	12.25946327794003	32.73481317588702	-0.13534897771802928	0.18839617451112545	0.08899855843719782
36.40528785519406	19.80424359475583	44.5532812351619	-0.1218997383523906	0.05653074092143046	0.028421538495610358	36.40528785519406	19.80424359475583	44.5532812351619	-0.1218997383523906	0.05653074092143046	0.028421538495610358
39.658223388917705	24.087087740866	32.83068163696539	0.3315497328336095	-0.029667586373726407	0.01907976516925271	39.658223388917705	24.087087740866	32.83068163696539	0.3315497328336095	-0.029667586373726407	0.01907976516925271
44.92811565597491	26.517863867020882	47.37443384124712	0.05020017323437269	-0.08050131040405652	-0.07022683670660299	44.92811565597491	26.517863867020882	47.37443384124712	0.05020017323437269	-0.08050131040405652	-0.07022683670660299
45.70104722816608	32.12235268448477	21.046611841535437	-0.14227750011946982	-0.07544652659444409	-0.02050093487310287	45.70104722816608	32.12235268448477	21.046611841535437	-0.14227750011946982	-0.07544652659444409	-0.02050093487310287
58.92847474535801	44.68553416340132	53.31529170296437	-0.21556660483228468	-0.016741931398429145	0.08876413498401417	58.92847474535801	44.68553416340132	53.31529170296437	-0.21556660483228468	-0.016741931398429145	0.08876413498401417
63.83205641053185	27.86067037663191	45.26218379725088	0.20172205168813995	-0.21062788029529597	-0.006712091814864565	63.83205641053185	27.86067037663191	45.26218379725088	0.20172205168813995	-0.21062788029529597	-0.006712091814864565
9.054140214870499	30.54865477294067	36.116476014359996	-0.05647442621110414	0.19797254742895254	0.008028949526184596	9.054140214870499	30.54865477294067	36.116476014359996	-0.05647442621110414	0.19797254742895254	0.008028949526184596
15.870073323770526	20.726895617902628	23.846600075019516	0.06635789449972676	-0.012710223083617552	0.03395647151119696	15.870073323770526	20.726895617902628	23.846600075019516	0.06635789449972676	-0.012710223083617552	0.03395647151119696
4.056794734907266	34.03770391285863	46.987960030964125	0.006892773103683802	-0.006741649055879572	-0.3532949289058266	4.056794734907266	34.03770391285863	46.987960030964125	0.006892773103683802	-0.006741649055879572	-0.3532949289058266
16.235941412028406	32.23436728846062	40.40434965318166	-0.08978409491551134	0.03811978387828954	-0.32492691032096693	16.235941412028406	32.23436728846062	40.40434965318166	-0.08978409491551134	0.03811978387828954	-0.32492691032096693
18.515458338237732	26.860756940416316	31.848729415205774	-0.09801811162604654	0.3418462657479623	-0.003937797763755089	18.515458338237732	26.860756940416316	31.848729415205774	-0.09801811162604654	0.3418462657479623	-0.003937797763755089
33.30193046565614	30.797159080335835	54.84348759321748	0.012017458844640633	0.1564571787004146	-0.07845734355512585	33.30193046565614	30.797159080335835	54.84348759321748	0.012017458844640633	0.1564571787004146	-0.07845734355512585
44.195521830917215	45.96752845689846	6.447659968859026	-0.046690211726359954	-0.052620102338737595	0.08381752195321648	44.195521830917215	45.96752845689846	6.447659968859026	-0.046690211726359954	-0.052620102338737595	0.08381752195321648
45.063991274125925	36.66052016537704	49.83376669741991	-0.19675063858531439	0.03861749531790263	0.03899070561142648	45.063991274125925	36.66052016537704	49.83376669741991	-0.19675063858531439	0.03861749531790263	0.03899070561142648
48.06877696003828	39.10936768231503	60.75364322078925	0.04450790076458717	0.26372395563174683	-0.07434640205750871	48.06877696003828	39.10936768231503	60.75364322078925	0.04450790076458717	0.26372395563174683	-0.07434640205750871
63.435463069727476	38.03688281115687	54.96223188882194	-0.13322815306899316	0.06101665219971973	-0.11236247007513035	63.435463069727476	38.03688281115687	54.96223188882194	-0.13322815306899316	0.06101665219971973	-0.11236247007513035
14.505484739864402	57.50473991123156	0.4828543016938711	0.16431738855127145	0.06058645814280083	0.010741042152056053	14.505484739864402	57.50473991123156	0.4828543016938711	0.16431738855127145	0.06058645814280083	0.010741042152056053
7.018000583303391	42.32567434910559	42.16048867406141	-0.04795931242939904	0.1323922713314134	0.17885940544867412	7.018000583303391	42.32567434910559	42.16048867406141	-0.04795931242939904	0.1323922713314134	0.17885940544867412
25.611063176535083	56.12070023220446	58.7581357018908	0.14408489026782287	-0.17407695938363066	-0.046649685315488326	25.611063176535083	56.12070023220446	58.7581357018908	0.14408489026782287	-0.17407695938363066	-0.046649685315488326
22.369349362070597	40.03766550449029	46.49150931052651	0.1108086438986222	-0.1387803646582507	0.13177811776209744	22.369349362070597	40.03766550449029	46.49150931052651	0.1108086438986222	-0.1387803646582507	0.13177811776209744
36.08222083128984	38.36962432056791	54.10886844285941	0.17066148826737984	0.070350085453771	0.0075447032999641	36.08222083128984	38.36962432056791	54.10886844285941	0.17066148826737984	0.070350085453771	0.0075447032999641
46.96386617433539	45.79459915230877	39.31987368088187	-0.11834285701041798	0.19973117746588967	0.26299838572738543	46.96386617433539	45.79459915230877	39.31987368088187	-0.11834285701041798	0.19973117746588967	0.26299838572738543
36.95911669830703	60.84427174361882	60.90757208175207	-0.10486771058824938	0.06694682676542744	0.21046757525525767	36.95911669830703	60.84427174361882	60.90757208175207	-0.10486771058824938	0.06694682676542744	0.21046757525525767
53.00097181715887	56.02750673854425	48.983981140439084	0.051807300806365475	-0.03717883378027615	-0.22726412441684302	53.00097181715887	56.02750673854425	48.983981140439084	0.051807300806365475	-0.03717883378027615	-0.22726412441684302
59.23989323156612	55.89165392760477	58.12634628546862	0.13485303014415484	0.042146468984971215	0.04629975032477658	59.23989323156612	55.89165392760477	58.12634628546862	0.13485303014415484	0.042146468984971215	0.04629975032477658
52.774227579732006	46.28579660711267	56.880650064887206	0.24767394984131325	-0.07863336579877446	-0.06989114122405031	52.774227579732006	46.28579660711267	56.880650064887206	0.24767394984131325	-0.07863336579877446	-0.06989114122405031
3.1505427807197544	60.80964334530924	64.23079640087279	-0.04970104664381824	0.003558503292234072	-0.057582758465834355	3.1505427807197544	60.80964334530924	64.23079640087279	-0.04970104664381824	0.003558503292234072	-0.057582758465834355
14.532712042483519	55.14665876331019	50.87431000842338	0.1592047596413921	-0.027028103625140663	-0.0694731168777169	14.532712042483519	55.14665876331019	50.87431000842338	0.1592047596413921	-0.027028103625140663	-0.0694731168777169
3.292880944423184	58.19150725150108	46.96368559448343	-0.03240622441404191	-0.11449434661645608	-0.11080032502461226	3.292880944423184	58.19150725150108	46.96368559448343	-0.03240622441404191	-0.11449434661645608	-0.11080032502461226
25.392578252415138	54.43598334954301	47.748196343813	-0.3106525890960288	0.22244295037569062	0.12258712074178149	25.392578252415138	54.43598334954301	47.748196343813	-0.3106525890960288	0.22244295037569062	0.12258712074178149
31.95368933963436	46.40843016281831	64.02985834453742	0.23940306827508545	0.04089725723834991	0.0277212955077153	31.95368933963436	46.40843016281831	64.02985834453742	0.23940306827508545	0.04089725723834991	0.0277212955077153
37.082056543178986	58.2777003749857	52.6185556530562	0.10468619027382745	0.002909176062015827	-0.10590060839525876	37.082056543178986	58.2777003749857	52.6185556530562	0.10468619027382745	0.002909176062015827	-0.10590060839525876
20.684500995173924	2.28563871446259	62.687459482849654	0.0047504624901111465	-0.019291938982613808	0.15857158790265552	20.684500995173924	2.28563871446259	62.687459482849654	0.0047504624901111465	-0.019291938982613808	0.15857158790265552
48.429699534731284	2.47870388448399	42.751444880231965	-0.023697613031115516	-0.023194312936624953	-0.10391908053153551	48.429699534731284	2.47870388448399	42.751444880231965	-0.023697613031115516	-0.023194312936624953	-0.10391908053153551
65.29032798016831	6.73295703001276	53.53400057219378	-0.13012742231202518	0.11311089830742399	-0.05172088610887965	65.29032798016831	6.73295703001276	53.53400057219378	-0.13012742231202518	0.11311089830742399	-0.05172088610887965
0.8953110083572807	63.205470669833346	55.07890981302271	-0.1172749234107649	0.01074350384080408	0.17437625957302366	0.8953110083572807	63.205470669833346	55.07890981302271	-0.1172749234107649	0.01074350384080408	0.17437625957302366
11.756329429046374	63.071026228849675	53.571038887061476	0.07276388370654983	-0.03443282981672086	-0.20237871655378664	11.756329429046374	63.071026228849675	53.571038887061476	0.07276388370654983	-0.03443282981672086	-0.20237871655378664
22.19558948347515	65.40609564608431	54.0386733063203	0.12448680750367587	0.03696234498815593	-0.13398624678420779	22.19558948347515	65.40609564608431	54.0386733063203	0.12448680750367587	0.03696234498815593	-0.13398624678420779
11.501086333113012	16.587694979977226	52.148058581990405	0.09176952982647923	-0.13437003128126293	-0.08019462982827585	11.501086333113012	16.587694979977226	52.148058581990405	0.09176952982647923	-0.13437003128126293	-0.08019462982827585
15.558810150630375	9.953452180199502	56.30816658583385	-0.06707354997563658	-0.10475819430642908	-0.1219609527595951	15.558810150630375	9.953452180199502	56.30816658583385	-0.06707354997563658	-0.10475819430642908	-0.1219609527595951
18.905745706733416	16.99896693142839	60.97053751695841	-0.09520698596472077	-0.014965565640769557	-0.10116351289664721	18.905745706733416	16.99896693142839	60.97053751695841	-0.09520698596472077	-0.014965565640769557	-0.10116351289664721
27.823443868321146	14.050740368549375	54.63951599185957	0.0012386066706720328	0.07771509413046954	0.1670576753573404	27.823443868321146	14.050740368549375	54.63951599185957	0.0012386066706720328	0.07771509413046954	0.1670576753573404
43.77778780043524	7.948044003902272	56.85020001180497	-0.03423807826445519	-0.21989719648105896	0.03645642550438135	43.77778780043524	7.948044003902272	56.85020001180497	-0.03423807826445519	-0.21989719648105896	0.03645642550438135
36.95276531296331	6.649112605824148	45.69333762624231	-0.11613743657105251	0.05447507381688201	-0.0942492469705419	36.95276531296331	6.649112605824148	45.69333762624231	-0.11613743657105251	0.05447507381688201	-0.0942492469705419
53.30791967201271	18.426072979218823	57.36520790165445	0.011265256237484695	0.1603121894878328	0.1854641716632058	53.30791967201271	18.426072979218823	57.36520790165445	0.011265256237484695	0.1603121894878328	0.1854641716632058
8.717855488904156	20.771955440387277	42.32620170128499	-0.3789949088284627	-0.05358524019002821	0.32630047053077144	8.717855488904156	20.771955440387277	42.32620170128499	-0.3789949088284627	-0.05358524019002821	0.32630047053077144
3.0228683257346223	18.552870060331383	65.55854635071657	-0.04029279344212068	0.04975149073732694	0.05027710976680154	3.0228683257346223	18.552870060331383	65.55854635071657	-0.04029279344212068	0.04975149073732694	0.05027710976680154
4.9207297992230785	11.728322005379997	51.58282728906553	-0.024354224067728913	0.23861191277982638	0.04648762934622195	4.9207297992230785	11.728322005379997	51.58282728906553	-0.024354224067728913	0.23861191277982638	0.04648762934622195
7.386286274529522	6.883024536369338	44.19513384022151	-0.08546864890245412	-0.1321451065717025	0.06466232509894561	7.386286274529522	6.883024536369338	44.19513384022151	-0.08546864890245412	-0.1321451065717025	0.06466232509894561
15.977773315284145	10.99715555445466	39.57907298819699	-0.06774460774519361	0.12242999062384419	-0.11368753124473724	15.977773315284145	10.99715555445466	39.57907298819699	-0.06774460774519361	0.12242999062384419	-0.11368753124473724
28.722256162211007	22.214886164083314	53.77034212319479	0.06902441590580861	-0.17438796117766833	-0.019042437261968848	28.722256162211007	22.214886164083314	53.77034212319479	0.06902441590580861	-0.17438796117766833	-0.019042437261968848
48.05177090513028	18.93226901709002	42.3133681598316	-0.09368243488021284	0.11067463056892109	0.10956366577055883	48.05177090513028	18.93226901709002	42.3133681598316	-0.09368243488021284	0.11067463056892109	0.10956366577055883
48.80425820820513	27.69754039436802	64.5048458351108	-0.2694140707984212	0.14227895097153193	0.0019485812393706438	48.80425820820513	27.69754039436802	64.5048458351108	-0.2694140707984212	0.14227895097153193	0.0019485812393706438
58.37789115270292	25.76553889708127	34.08683844969399	-0.20668387527474527	0.025617277927331445	0.2130347885277101	58.37789115270292	25.76553889708127	34.08683844969399	-0.20668387527474527	0.025617277927331445	0.2130347885277101
60.60784859920992	31.047833848631328	39.19416199243197	0.09662655025796088	-0.04744389029333069	-0.062216501005793685	60.60784859920992	31.047833848631328	39.19416199243197	0.09662655025796088	-0.04744389029333069	-0.062216501005793685
57.525997907874256	24.479795165049755	59.539527376516126	0.4293766044928895	0.013942341475712463	0.08016670342485341	57.525997907874256	24.479795165049755	59.539527376516126	0.4293766044928895	0.013942341475712463	0.08016670342485341
3.9408962866611708	36.2047313375498	61.7785143897675	-0.0011897433431124836	0.03463495007077584	0.2871020579055623	3.9408962866611708	36.2047313375498	61.7785143897675	-0.0011897433431124836	0.03463495007077584	0.2871020579055623
13.20646325894095	34.43559527863614	50.61494620196474	0.034924956250984865	0.03536560753615527	0.10525105895796634	13.20646325894095	34.43559527863614	50.61494620196474	0.034924956250984865	0.03536560753615527	0.10525105895796634
14.003698642296266	27.181542786835244	54.518410528638974	-0.014723066934228896	0.1159703286480623	-0.011446410241424874	14.003698642296266	27.181542786835244	54.518410528638974	-0.014723066934228896	0.1159703286480623	-0.011446410241424874
28.769420102941922	27.459178609344768	46.426852584277064	0.20951499933139922	0.218294451526243	-0.04913943218060181	28.769420102941922	27.459178609344768	46.426852584277064	0.20951499933139922	0.218294451526243	-0.04913943218060181
21.627214514078116	32.1265967076994	47.97986051508054	-0.11861999532607777	-0.21954460399474607	-0.061727350043006037	21.627214514078116	32.1265967076994	47.97986051508054	-0.11861999532607777	-0.21954460399474607	-0.061727350043006037
41.402941029817974	32.23504891385825	0.15576764686672018	0.038167070006326034	-0.09605321062164734	0.20182457114812918	41.402941029817974	32.23504891385825	0.15576764686672018	0.038167070006326034	-0.09605321062164734	0.20182457114812918
43.81435992196857	35.83581800024319	8.61844096884631	-0.09581367412429316	0.02655343744369241	0.13318540226196435	43.81435992196857	35.83581800024319	8.61844096884631	-0.09581367412429316	0.02655343744369241	0.13318540226196435
51.56616456457586	42.654733033515704	3.4383943711037195	-0.19091939010804385	-0.12381717236642593	-0.35146737561034086	51.56616456457586	42.654733033515704	3.4383943711037195	-0.19091939010804385	-0.12381717236642593	-0.35146737561034086
2.075654885569412	49.35259960659993	1.7662493040238747	-0.022951114570571363	0.0446746553430215	0.024304779018788157	2.075654885569412	49.35259960659993	1.7662493040238747	-0.022951114570571363	0.0446746553430215	0.024304779018788157
0.26207239253594067	40.83885801727295	5.2477496429110095	0.1945023609785226	0.07537930494710764	0.07934595659099256	0.26207239253594067	40.83885801727295	5.2477496429110095	0.1945023609785226	0.07537930494710764	0.07934595659099256
8.050805878428257	38.82075871953949	7.108188152002336	-0.20888200645273425	0.1266647394443411	-0.10934026990690687	8.050805878428257	38.82075871953949	7.108188152002336	-0.20888200645273425	0.1266647394443411	-0.10934026990690687
13.056047411471207	43.239686194737104	6.0765199716172384	-0.02115039983012483	0.12290107320758822	0.13186658401848478	13.056047411471207	43.239686194737104	6.0765199716172384	-0.02115039983012483	0.12290107320758822	0.13186658401848478
18.931813388552733	48.051338363954144	51.907694864664066	0.09881159311585294	0.05164451358442685	-0.1737548865084718	18.931813388552733	48.051338363954144	51.907694864664066	0.09881159311585294	0.05164451358442685	-0.1737548865084718
13.009136971354954	43.25434861781944	57.34222217296633	-0.05575114134818874	-0.13035733913535336	0.13616299484790018	13.009136971354954	43.25434861781944	57.34222217296633	-0.05575114134818874	-0.13035733913535336	0.13616299484790018
30.26996125368924	40.50365961252417	12.608396673875498	0.11950942611683218	0.07131694319839202	0.10520378457010299	30.26996125368924	40.50365961252417	12.608396673875498	0.11950942611683218	0.07131694319839202	0.10520378457010299
39.48401276385376	46.03892030433798	59.22902372382221	0.030759411541552272	0.21761523156550155	0.11453239938355758	39.48401276385376	46.03892030433798	59.22902372382221	0.030759411541552272	0.21761523156550155	0.11453239938355758
45.31196686291581	62.62887424936867	8.727436110453903	0.12515708960869582	0.12219722508079411	-0.37565752900915617	45.31196686291581	62.62887424936867	8.727436110453903	0.12515708960869582	0.12219722508079411	-0.37565752900915617
41.94486785472853	63.52681771623062	65.66068840923892	-0.10635383736203564	0.18058735091212522	0.09383485522710808	41.94486785472853	63.52681771623062	65.66068840923892	-0.10635383736203564	0.18058735091212522	0.09383485522710808
54.45042246152392	52.79204466652342	6.988698521456426	0.03356844469501549	0.006011117827266247	0.17595523463429524	54.45042246152392	52.79204466652342	6.988698521456426	0.03356844469501549	0.006011117827266247	0.17595523463429524
5.007894188993195	51.62819106699732	60.42615197342289	0.06775057845563072	-0.015046096063441518	0.29987717192902175	5.007894188993195	51.62819106699732	60.42615197342289	0.06775057845563072	-0.015046096063441518	0.29987717192902175
10.157326236891992	58.18998414760264	12.894560359706889	-0.22298777573511974	-0.13206342438776128	0.17893603687964293	10.157326236891992	58.18998414760264	12.894560359706889	-0.22298777573511974	-0.13206342438776128	0.17893603687964293
20.167485230535515	52.504115930768954	64.55366024879429	0.12307148220395837	0.5147070101729087	0.034324725885395736	20.167485230535515	52.504115930768954	64.55366024879429	0.12307148220395837	0.5147070101729087	0.034324725885395736
23.08222670363202	48.9603846689894	9.494859669563088	-0.1285354218243959	0.03464071503048606	-0.023685955805488924	23.08222670363202	48.9603846689894	9.494859669563088	-0.1285354218243959	0.03464071503048606	-0.023685955805488924
25.07065555395464	43.03947144988873	61.39205834341085	0.30392189148321896	0.08887089389724366	0.005651615029546141	25.07065555395464	43.03947144988873	61.39205834341085	0.30392189148321896	0.08887089389724366	0.005651615029546141
29.55914683218737	59.475914621172045	6.831123993235199	-0.1968352964998166	-0.27341657945116277	-0.13340101028819656	29.55914683218737	59.475914621172045	6.831123993235199	-0.1968352964998166	-0.27341657945116277	-0.13340101028819656
44.64729181985599	64.98430201115632	55.00751632541354	0.002007911700642592	0.1891836129317495	0.07491541925523443	44.64729181985599	64.98430201115632	55.00751632541354	0.002007911700642592	0.1891836129317495	0.07491541925523443
50.19072689294485	63.95297883271953	62.87626837594355	0.017199834498525517	0.045340977037377224	0.03611949871347635	50.19072689294485	63.95297883271953	62.87626837594355	0.017199834498525517	0.045340977037377224	0.03611949871347635
53.20586720525366	64.46090449352992	4.922293939414078	-0.012617718982314357	-0.03717171796734042	0.10655276278811278	53.20586720525366	64.46090449352992	4.922293939414078	-0.012617718982314357	-0.03717171796734042	0.10655276278811278
0.1395259180431049	59.840742046705365	10.726985367045636	0.04130107811524422	0.13179380748739408	0.06949818333744967	0.1395259180431049	59.840742046705365	10.726985367045636	0.04130107811524422	0.13179380748739408	0.06949818333744967
62.86776396904897	56.142061247911975	1.8632988267065196	-0.07971588775162938	-0.33986271089367376	0.08931549529445623	62.86776396904897	56.142061247911975	1.8632988267065196	-0.07971588775162938	-0.33986271089367376	0.08931549529445623
3.2382327690245587	6.185332199951515	10.063006348984468	0.2089386598283582	-0.11034324357630287	-0.06032995116576642	3.2382327690245587	6.185332199951515	10.063006348984468	0.2089386598283582	-0.11034324357630287	-0.06032995116576642
12.736055884420628	64.5328767466211	61.5885936527775	0.07850661795255434	-0.046744849901803304	-0.09684868038196344	12.736055884420628	64.5328767466211	61.5885936527775	0.07850661795255434	-0.046744849901803304	-0.09684868038196344
9.848769572417108	8.592784053096814	62.3527367082373	0.2507682306237711	-0.11708972501984465	0.15129751872052016	9.848769572417108	8.592784053096814	62.3527367082373	0.2507682306237711	-0.11708972501984465	0.15129751872052016
32.42206589729915	54.80209623089973	62.22258654998352	-0.1706023503843198	-0.207908275990097	0.11304331194071984	32.42206589729915	54.80209623089973	62.22258654998352	-0.1706023503843198	-0.207908275990097	0.11304331194071984
37.68814107861891	7.031379519666987	3.231036790722899	-0.07902121659310908	0.09409024199678881	-0.038220774125375494	37.68814107861891	7.031379519666987	3.231036790722899	-0.07902121659310908	0.09409024199678881	-0.038220774125375494
31.31324165668663	65.00341374072602	2.246601777882571	-0.026903931308949466	0.36322546156894636	-0.3202898241731331	31.31324165668663	65.00341374072602	2.246601777882571	-0.026903931308949466	0.36322546156894636	-0.3202898241731331
45.70719235009681	16.297144309964896	3.3962679246675718	0.1333886066742042	-0.14317904803260506	0.04452664583432559	45.70719235009681	16.297144309964896	3.3962679246675718	0.1333886066742042	-0.14317904803260506	0.04452664583432559
47.03242299282934	8.620140967093477	63.32171079956265	0.04626181723898749	0.11325983793534074	0.0905916648744807	47.03242299282934	8.620140967093477	63.32171079956265	0.04626181723898749	0.11325983793534074	0.0905916648744807
52.91996370637467	7.755719574642643	2.9482820547643875	0.13262312664577883	0.12312037816828994	0.08577860271102855	52.91996370637467	7.755719574642643	2.9482820547643875	0.13262312664577883	0.12312037816828994	0.08577860271102855
58.635774919228595	11.343898827691481	53.66115196295804	-0.3928649715088118	-0.1388025184362907	-0.005362249464375239	58.635774919228595	11.343898827691481	53.66115196295804	-0.3928649715088118	-0.1388025184362907	-0.005362249464375239
10.997040191889365	18.331378769377174	10.763384830748258	0.062095036328335136	0.20369603178521625	0.11700187592039163	10.997040191889365	18.331378769377174	10.763384830748258	0.062095036328335136	0.20369603178521625	0.11700187592039163
3.2350427504160324	6.909476858262787	0.7204175616314815	0.005069615087136558	-0.0875698917047337	0.04856640281037522	3.2350427504160324	6.909476858262787	0.7204175616314815	0.005069615087136558	-0.0875698917047337	0.04856640281037522
16.168603016490678	4.135421658954863	11.018007428947206	-0.08769946659269919	0.20511663776902225	-0.15064721300051456	16.168603016490678	4.135421658954863	11.018007428947206	-0.08769946659269919	0.20511663776902225	-0.15064721300051456
19.303978715979962	9.365769396141308	1.0360638189760478	-0.11147424175494684	0.000643147045151066	0.2747945839069693	19.303978715979962	9.365769396141308	1.0360638189760478	-0.11147424175494684	0.000643147045151066	0.2747945839069693
27.24478598637366	15.352478385976468	2.981429562113187	0.04823316844616618	0.12930011595654609	-0.12127131039650628	27.24478598637366	15.352478385976468	2.981429562113187	0.04823316844616618	0.12930011595654609	-0.12127131039650628
38.76983168137824	20.57841622884544	53.976205239242965	0.37319104040371487	-0.15027342239554575	-0.021369450125699654	38.76983168137824	20.57841622884544	53.976205239242965	0.37319104040371487	-0.15027342239554575	-0.021369450125699654
40.23006558649423	25.82097550004613	59.57956060669683	0.1331631125810452	0.013111901304254674	0.1842607961374875	40.23006558649423	25.82097550004613	59.57956060669683	0.1331631125810452	0.013111901304254674	0.1842607961374875
41.18238994049612	21.3569359940155	0.6535683950881489	-0.2916548235014512	-0.049934532009587924	-0.035817580358453845	41.18238994049612	21.3569359940155	0.6535683950881489	-0.2916548235014512	-0.049934532009587924	-0.035817580358453845
60.03707645106905	16.597763713435064	7.355346316095018	0.010463652751905857	-0.09890134071223244	-0.09187473418495662	60.03707645106905	16.597763713435064	7.355346316095018	0.010463652751905857	-0.09890134071223244	-0.09187473418495662
10.321211801808579	20.870660698186665	59.98570897260811	0.05853599592679583	-0.002813006232875919	-0.42633911962137755	10.321211801808579	20.870660698186665	59.98570897260811	0.05853599592679583	-0.002813006232875919	-0.42633911962137755
0.944333943065351	28.364181743333884	8.114145342423344	-0.3878931326776101	-0.13508882299841482	-0.034263799970587996	0.944333943065351	28.364181743333884	8.114145342423344	-0.3878931326776101	-0.13508882299841482	-0.034263799970587996
5.4549490538298375	29.142413952625564	1.2994520507422032	-0.10207524104571429	-0.25997722030945375	-0.441548696266152	5.4549490538298375	29.142413952625564	1.2994520507422032	-0.10207524104571429	-0.25997722030945375	-0.441548696266152
16.641457418608507	42.88476064386968	64.70114808812873	-0.12182612799746634	0.08043288361055423	-0.03779181570344783	16.641457418608507	42.88476064386968	64.70114808812873	-0.12182612799746634	0.08043288361055423	-0.03779181570344783
17.77697756951239	21.86218797188259	51.15989129959824	-0.18902308704029078	0.3397059799208771	-0.22589460204154008	17.77697756951239	21.86218797188259	51.15989129959824	-0.18902308704029078	0.3397059799208771	-0.22589460204154008
25.214757633597827	33.851841671308144	60.92595307666424	-0.04865375970122192	0.1573143152816085	-0.01814631358681386	25.214757633597827	33.851841671308144	60.92595307666424	-0.04865375970122192	0.1573143152816085	-0.01814631358681386
32.398534471945	39.23443049260505	24.307259238570786	0.5693318002953929	-0.11312776080033797	0.035072623211317606	32.398534471945	39.23443049260505	24.307259238570786	0.5693318002953929	-0.11312776080033797	0.035072623211317606
62.752791818877135	32.925854554328744	18.311937221783307	0.20309012042243574	0.11669599760570944	0.2832229826536044	62.752791818877135	32.925854554328744	18.311937221783307	0.20309012042243574	0.11669599760570944	0.2832229826536044
50.92047226177874	32.98824881184044	7.817761331259922	0.1885079045632708	0.005125824100156571	0.35894368833356677	50.92047226177874	32.98824881184044	7.817761331259922	0.1885079045632708	0.005125824100156571	0.35894368833356677
58.41871553276067	38.071925517189875	5.5472723445557035	0.09056705874542148	0.2748186782996669	0.13366156595161552	58.41871553276067	38.071925517189875	5.5472723445557035	0.09056705874542148	0.2748186782996669	0.13366156595161552
59.5688142272184	27.811354658404362	11.888008701570135	-0.0928679419622523	0.0170537976864034	0.014815436242882313	59.5688142272184	27.811354658404362	11.888008701570135	-0.0928679419622523	0.0170537976864034	0.014815436242882313
3.542093047005817	46.089479937508266	18.991373132192052	0.10590433858937938	-0.04991281701963827	0.06666227227745489	3.542093047005817	46.089479937508266	18.991373132192052	0.10590433858937938	-0.04991281701963827	0.06666227227745489
24.202681213210752	34.00567824407757	13.321829613990158	0.03547462586242972	0.07980302139736443	-0.3773152547577685	24.202681213210752	34.00567824407757	13.321829613990158	0.03547462586242972	0.07980302139736443	-0.3773152547577685
17.655596321788718	39.00024461146074	15.866400341174701	-0.06323188717412012	0.1497668427899163	-0.3620762941657605	17.655596321788718	39.00024461146074	15.866400341174701	-0.06323188717412012	0.1497668427899163	-0.3620762941657605
17.918341963055873	33.154745041206944	1.2473009553384726	-0.02895528115513667	-0.15139908899446294	0.0776634607992175	17.918341963055873	33.154745041206944	1.2473009553384726	-0.02895528115513667	-0.15139908899446294	0.0776634607992175
29.003333044293232	32.24807190256288	20.00230228431561	-0.011456983702468376	-0.28398375171751833	0.060283657637146944	29.003333044293232	32.24807190256288	20.00230228431561	-0.011456983702468376	-0.28398375171751833	0.060283657637146944
33.90482389136275	45.340759560133016	6.946051170413235	-0.14464367844567763	0.17226758666561373	0.3638038074037824	33.90482389136275	45.340759560133016	6.946051170413235	-0.14464367844567763	0.17226758666561373	0.3638038074037824
54.62924010640723	3.5206725046196867	14.27529926719625	-0.010080116505812716	0.025766729223767344	0.03950066871321662	54.62924010640723	3.5206725046196867	14.27529926719625	-0.010080116505812716	0.025766729223767344	0.03950066871321662
58.37315747273558	43.196694113452295	13.497389984242355	-0.10407861144560399	0.16288866210757613	0.028009007295327307	58.37315747273558	43.196694113452295	13.497389984242355	-0.10407861144560399	0.16288866210757613	0.028009007295327307
64.94852644774959	57.0134513853547	22.830853401969758	-0.1091169760320745	-0.03004355630812387	0.09871847977296414	64.94852644774959	57.0134513853547	22.830853401969758	-0.1091169760320745	-0.03004355630812387	0.09871847977296414
8.707670844219056	59.630223477722	5.512539205706345	0.2555119969949466	-0.16756656142039922	-0.07192976637193044	8.707670844219056	59.630223477722	5.512539205706345	0.2555119969949466	-0.16756656142039922	-0.07192976637193044
11.912419363418994	50.326426838954134	23.630585262757982	0.22232881846892358	-0.13111831137007993	0.11935156223808013	11.912419363418994	50.326426838954134	23.630585262757982	0.22232881846892358	-0.13111831137007993	0.11935156223808013
10.414318154520998	43.048951554661215	22.925368845384764	-0.14802922401768248	-0.3832360668044628	-0.02280004236317849	10.414318154520998	43.048951554661215	22.925368845384764	-0.14802922401768248	-0.3832360668044628	-0.02280004236317849
23.063612256413613	61.14786254650253	19.78554788127631	0.062148287140878916	-0.05110746539291642	-0.027722936435216346	23.063612256413613	61.14786254650253	19.78554788127631	0.062148287140878916	-0.05110746539291642	-0.027722936435216346
24.694012814556874	45.43283314765525	15.895126500079938	-0.023558323633423285	-0.0329799142957398	0.3110946653680382	24.694012814556874	45.43283314765525	15.895126500079938	-0.023558323633423285	-0.0329799142957398	0.3110946653680382
30.070144464387237	48.14418518415463	26.281075093847505	-0.09505738749343422	-0.05666079386979163	-0.15592455343244405	30.070144464387237	48.14418518415463	26.281075093847505	-0.09505738749343422	-0.05666079386979163	-0.15592455343244405
45.78511365662042	6.384658791067257	9.581911194301911	-0.01638544855145933	0.05897697351374125	-0.3551797008901146	45.78511365662042	6.384658791067257	9.581911194301911	-0.01638544855145933	0.05897697351374125	-0.3551797008901146
44.88421791739665	8.361820457195396	17.36002064813753	0.08547844443399912	0.014705853446299894	0.13538530890749909	44.88421791739665	8.361820457195396	17.36002064813753	0.08547844443399912	0.014705853446299894	0.13538530890749909
47.21976279017919	53.53057619753585	10.228426253864091	0.06297848385602714	-0.0603264150057756	0.06879998736984842	47.21976279017919	53.53057619753585	10.228426253864091	0.06297848385602714	-0.0603264150057756	0.06879998736984842
58.87365298172214	3.1980727226529204	26.842642938129618	-0.05719539434069065	-0.027386010630609286	-0.013331890696036843	58.87365298172214	3.1980727226529204	26.842642938129618	-0.05719539434069065	-0.027386010630609286	-0.013331890696036843
60.325361654469475	61.26173547927529	17.144036451014102	0.1654735740891499	0.04638296015184544	0.021307189820100776	60.325361654469475	61.26173547927529	17.144036451014102	0.1654735740891499	0.04638296015184544	0.021307189820100776
9.763611164595249	63.983157515801	22.253787642812128	0.1945240953642915	-0.05704541200022339	0.26620708683981226	9.763611164595249	63.983157515801	22.253787642812128	0.1945240953642915	-0.05704541200022339	0.26620708683981226
8.983521911994595	0.9529587422393165	14.267902307802098	-0.13472711136797832	-0.15893160661323738	-0.06769345685916886	8.983521911994595	0.9529587422393165	14.267902307802098	-0.13472711136797832	-0.15893160661323738	-0.06769345685916886
19.182080074860703	8.853513940826483	24.003419635661576	-0.07642297793222587	0.06223222998629095	-0.03339149105093661	19.182080074860703	8.853513940826483	24.003419635661576	-0.07642297793222587	0.06223222998629095	-0.03339149105093661
20.821770002000434	59.61994981629131	10.544035960643136	0.1782062356750154	0.0011476560034481265	-0.04402934107274533	20.821770002000434	59.61994981629131	10.544035960643136	0.1782062356750154	0.0011476560034481265	-0.04402934107274533
27.851115268577225	3.2600150048504006	10.581166047528816	-0.020053246985693014	-0.23247612259301884	-0.08445556670969681	27.851115268577225	3.2600150048504006	10.581166047528816	-0.020053246985693014	-0.23247612259301884	-0.08445556670969681
35.46303210312703	14.123339961389757	7.288728950447277	0.31114671933899174	0.08065870896400783	0.25576014654053464	35.46303210312703	14.123339961389757	7.288728950447277	0.31114671933899174	0.08065870896400783	0.25576014654053464
37.09193736110364	25.471939275044903	5.618231588115302	0.059862670015609507	-0.06438596627791437	0.00816516797320875	37.09193736110364	25.471939275044903	5.618231588115302	0.059862670015609507	-0.06438596627791437	0.00816516797320875
54.30871660399512	17.798757131440507	1.991058211959281	-0.059185437553474676	-0.0013530766652051333	-0.00013199182696727274	54.30871660399512	17.798757131440507	1.991058211959281	-0.059185437553474676	-0.0013530766652051333	-0.00013199182696727274
55.259508737426536	15.671918296908139	22.995018549931096	0.19654013356370179	-0.1649050083097275	-0.06633604380267574	55.259508737426536	15.671918296908139	22.995018549931096	0.19654013356370179	-0.1649050083097275	-0.06633604380267574
60.048281215409055	6.959562912717792	8.849988827155808	0.05911457235429517	0.3341159131326577	0.23528431144270354	60.048281215409055	6.959562912717792	8.849988827155808	0.05911457235429517	0.3341159131326577	0.23528431144270354
63.42029316226527	22.20712189581885	15.518411202164542	0.25639730037367114	0.13940702971181199	0.03029380245168711	63.42029316226527	22.20712189581885	15.518411202164542	0.25639730037367114	0.13940702971181199	0.03029380245168711
14.357411215145017	12.312452426802853	16.33668951234341	-0.08137274055424407	-0.16508238753995988	-0.13546285443870834	14.357411215145017	12.312452426802853	16.33668951234341	-0.08137274055424407	-0.16508238753995988	-0.13546285443870834
20.066668164965773	19.507638699571153	17.062167496642378	-0.09690920120559282	-0.01101397391362306	-0.03909478689044341	20.066668164965773	19.507638699571153	17.062167496642378	-0.09690920120559282	-0.01101397391362306	-0.03909478689044341
28.001556860515713	10.547145087724445	9.99755350811518	-0.019144382144368158	0.037626242969124105	-0.15669135940763854	28.001556860515713	10.547145087724445	9.99755350811518	-0.019144382144368158	0.037626242969124105	-0.15669135940763854
32.31346367683928	15.301586788933479	16.70160607240985	0.04186681543682295	0.13872786684121785	-0.046583185838467565	32.31346367683928	15.301586788933479	16.70160607240985	0.04186681543682295	0.13872786684121785	-0.046583185838467565
25.117321741199724	24.198974472018115	64.48087258181923	-0.0813020232874439	0.005357077406505533	-0.147706524478053	25.117321741199724	24.198974472018115	64.48087258181923	-0.0813020232874439	0.005357077406505533	-0.147706524478053
41.47653954933602	54.258631942848474	16.11017874430649	0.037019901395040376	0.2557618194720548	0.0933770370073782	41.47653954933602	54.258631942848474	16.11017874430649	0.037019901395040376	0.2557618194720548	0.0933770370073782
51.4712412823089	19.14131547314505	13.598743748289303	0.012182438302512932	-0.12310441050195947	0.03699336982296622	51.4712412823089	19.14131547314505	13.598743748289303	0.012182438302512932	-0.12310441050195947	0.03699336982296622
49.19547402670852	26.762075634864544	14.035638387788106	0.1741132337010083	-0.051005498384222886	-0.10766342913955514	49.19547402670852	26.762075634864544	14.035638387788106	0.1741132337010083	-0.051005498384222886	-0.10766342913955514
2.027287704143732	20.28641316540097	7.923386018966029	-0.03914364579205945	-0.004024311081063389	-0.3901774657770674	2.027287704143732	20.28641316540097	7.923386018966029	-0.03914364579205945	-0.004024311081063389	-0.3901774657770674
14.048892813311664	26.574730727703187	1.75122444834854	-0.1345935146500192	-0.07266744877238113	-0.33095165480260763	14.048892813311664	26.574730727703187	1.75122444834854	-0.1345935146500192	-0.07266744877238113	-0.33095165480260763
5.346397879488779	18.37484898460512	16.10400351481066	0.3834405906699164	0.04045601531256504	0.01809050235468908	5.346397879488779	18.37484898460512	16.10400351481066	0.3834405906699164	0.04045601531256504	0.01809050235468908
23.95482777594405	27.781147385130218	7.078087317208657	-0.06926529445048553	0.0007734769693456919	0.11999110775322495	23.95482777594405	27.781147385130218	7.078087317208657	-0.06926529445048553	0.0007734769693456919	0.11999110775322495
29.66078237725512	23.944597073571117	11.191338861431564	-0.21736272070502963	-0.18565130605169225	0.18453808916386502	29.66078237725512	23.944597073571117	11.191338861431564	-0.21736272070502963	-0.18565130605169225	0.18453808916386502
40.07495541178331	26.02530043333197	23.71428996374758	0.06581564563244331	-0.015296521582934918	-0.11829772124451847	40.07495541178331	26.02530043333197	23.71428996374758	0.06581564563244331	-0.015296521582934918	-0.11829772124451847
40.281098157318965	29.173270665950355	15.43822668838563	0.10690586180095264	-0.0220730046310934	0.0979581452364016	40.281098157318965	29.173270665950355	15.43822668838563	0.10690586180095264	-0.0220730046310934	0.0979581452364016
51.803201758666155	41.72749689047398	16.52612328672375	-0.16966444852742465	0.2616654942455092	-0.16345938373119825	51.803201758666155	41.72749689047398	16.52612328672375	-0.16966444852742465	0.2616654942455092	-0.16345938373119825
43.014545232748475	43.38518696384369	13.985944328595087	-0.3991873818438875	0.0516423963158605	0.20507708289732826	43.014545232748475	43.38518696384369	13.985944328595087	-0.3991873818438875	0.0516423963158605	0.20507708289732826
64.30358977032783	42.60381094405155	39.61022183565296	0.056333431265148275	-0.014912439795488494	-0.07477407982609643	64.30358977032783	42.60381094405155	39.61022183565296	0.056333431265148275	-0.014912439795488494	-0.07477407982609643
56.773738925244736	35.35918444675784	27.6679536133093	0.2635212078521688	0.005636862524641169	-0.018748343025436473	56.773738925244736	35.35918444675784	27.6679536133093	0.2635212078521688	0.005636862524641169	-0.018748343025436473
9.437934142685334	41.613415083322934	30.544105561761643	-0.16325192886915824	-0.07537499982430654	-0.1309490951460546	9.437934142685334	41.613415083322934	30.544105561761643	-0.16325192886915824	-0.07537499982430654	-0.1309490951460546
5.19603816970596	30.987573242537465	16.74484590614754	-0.21690508340206865	0.3072751652570545	-0.04698813288650908	5.19603816970596	30.987573242537465	16.74484590614754	-0.21690508340206865	0.3072751652570545	-0.04698813288650908
22.22011732758484	40.69432517257558	31.245482315068568	0.0999511131179502	-0.15586096839161437	0.07546326717637986	22.22011732758484	40.69432517257558	31.245482315068568	0.0999511131179502	-0.15586096839161437	0.07546326717637986
16.476367210645776	34.69332173792365	27.991726814373507	-0.13072235478706432	0.016159746229021978	0.12053111883446253	16.476367210645776	34.69332173792365	27.991726814373507	-0.13072235478706432	0.016159746229021978	0.12053111883446253
34.14060280312255	36.698080160064954	44.2391249472788	0.12744234599239307	-0.2358600507848109	-0.2845987064267773	34.14060280312255	36.698080160064954	44.2391249472788	0.12744234599239307	-0.2358600507848109	-0.2845987064267773
41.83494499046952	54.05787064478892	24.2242436495687	0.236208279547804	0.0584508281859625	0.27696566406527495	41.83494499046952	54.05787064478892	24.2242436495687	0.236208279547804	0.0584508281859625	0.27696566406527495
41.75107793521199	48.909779561700546	30.35534138633945	0.005467398761147343	-0.08615498624645934	0.2859632788365579	41.75107793521199	48.909779561700546	30.35534138633945	0.005467398761147343	-0.08615498624645934	0.2859632788365579
46.24697519211362	44.55771283230353	24.549043312948434	-0.292158441074588	0.09465723165620547	-0.007459414635604196	46.24697519211362	44.55771283230353	24.549043312948434	-0.292158441074588	0.09465723165620547	-0.007459414635604196
49.07153007392662	58.088333462733566	27.01698673550811	0.09968727703530665	-0.09449150839385474	-0.07666992129951376	49.07153007392662	58.088333462733566	27.01698673550811	0.09968727703530665	-0.09449150839385474	-0.07666992129951376
3.6015117546822633	53.03633546123135	15.734105709645991	0.09502858660499794	-0.27729415490111226	-0.10557271154763576	3.6015117546822633	53.03633546123135	15.734105709645991	0.09502858660499794	-0.27729415490111226	-0.10557271154763576
61.25192521729329	58.58272331890297	33.976911969150876	-0.10838325150998668	-0.07813835841602773	-0.21026526126822853	61.25192521729329	58.58272331890297	33.976911969150876	-0.10838325150998668	-0.07813835841602773	-0.21026526126822853
3.1943289749124335	47.661698447448394	27.70636489599353	-0.2828868098877085	0.2641852145261595	-0.07661862770785366	3.1943289749124335	47.661698447448394	27.70636489599353	-0.2828868098877085	0.2641852145261595	-0.07661862770785366
16.827602215869877	53.671252206379464	36.52041506642436	-0.009501202681116242	-0.17131530585206445	0.23824485499606957	16.827602215869877	53.671252206379464	36.52041506642436	-0.009501202681116242	-0.17131530585206445	0.23824485499606957
30.034130242454253	64.51689235677227	26.62424087012304	0.14039977614498023	-0.16542662932458868	-0.1472014664951285	30.034130242454253	64.51689235677227	26.62424087012304	0.14039977614498023	-0.16542662932458868	-0.1472014664951285
35.630248364861025	59.21984140938311	27.791993764166943	0.07960104416218021	-0.00835234837515558	-0.1767532363130773	35.630248364861025	59.21984140938311	27.791993764166943	0.07960104416218021	-0.00835234837515558	-0.1767532363130773
34.27023117974724	59.80935677854347	14.213725735128792	-0.27272589683487014	-0.10046013834207913	0.16179411052320442	34.27023117974724	59.80935677854347	14.213725735128792	-0.27272589683487014	-0.10046013834207913	0.16179411052320442
37.158591166505275	3.868416938973843	35.80839977622577	-0.14236257503187502	-0.04548970383783875	0.254386018539158	37.158591166505275	3.868416938973843	35.80839977622577	-0.14236257503187502	-0.04548970383783875	0.254386018539158
55.577805236916525	62.00293972298313	26.298385143808783	0.0847694932567016	-0.07986594453085316	0.30979306876913265	55.577805236916525	62.00293972298313	26.298385143808783	0.0847694932567016	-0.07986594453085316	0.30979306876913265
49.01983003833315	65.38719205355645	35.49770544743253	-0.1094729248255376	-0.044995806904968245	0.16831489530019342	49.01983003833315	65.38719205355645	35.49770544743253	-0.1094729248255376	-0.044995806904968245	0.16831489530019342
3.718351651325958	62.20794388065362	26.995680666517885	-0.13404705304812506	-0.07519696604195024	-0.1966577036470623	3.718351651325958	62.20794388065362	26.995680666517885	-0.13404705304812506	-0.07519696604195024	-0.1966577036470623
63.40249523897569	9.036924361070625	35.55782849929298	-0.0458169529569136	-0.03921062624349288	-0.06615186989061056	63.40249523897569	9.036924361070625	35.55782849929298	-0.0458169529569136	-0.03921062624349288	-0.06615186989061056
14.419522582349261	57.117088423253094	20.79910668060163	-0.0021468537762611164	0.03057741596624946	0.14334012746482172	14.419522582349261	57.117088423253094	20.79910668060163	-0.0021468537762611164	0.03057741596624946	0.14334012746482172
23.17833458780499	9.377210432406711	36.51003926749601	-0.10448844938775621	-0.15432518466911224	0.11245231804031366	23.17833458780499	9.377210432406711	36.51003926749601	-0.10448844938775621	-0.15432518466911224	0.11245231804031366
23.917479977195836	2.9589257907122652	17.26406665379245	0.2763618020122294	0.10904802947684646	0.3994717963754358	23.917479977195836	2.9589257907122652	17.26406665379245	0.2763618020122294	0.10904802947684646	0.3994717963754358
29.56188489547476	6.899855578368255	22.692398005435678	-0.25074318520235894	0.11298479082028845	-0.01875805378499075	29.56188489547476	6.899855578368255	22.692398005435678	-0.25074318520235894	0.11298479082028845	-0.01875805378499075
37.426688965531895	11.093495131374304	22.6012944547512	0.010072050857506273	-0.18413333444801497	-0.12463504455270706	37.426688965531895	11.093495131374304	22.6012944547512	0.010072050857506273	-0.18413333444801497	-0.12463504455270706
37.50640719789427	15.32482104100875	29.77161507161432	-0.09786524669859689	-0.3049528696174829	-0.22370620762499474	37.50640719789427	15.32482104100875	29.77161507161432	-0.09786524669859689	-0.3049528696174829	-0.22370620762499474
50.76096665930399	21.376980229131668	26.80867796082936	-0.04010406139877491	0.1010768877798912	0.09656670090322479	50.76096665930399	21.376980229131668	26.80867796082936	-0.04010406139877491	0.1010768877798912	0.09656670090322479
49.78818490157138	16.951054778445204	34.30435516933074	-0.012682416358812332	-0.04712695620413081	0.1231262917981002	49.78818490157138	16.951054778445204	34.30435516933074	-0.012682416358812332	-0.04712695620413081	0.1231262917981002
63.46061622222769	10.61994705531057	24.88245660263425	-0.43546213314239224	-0.06084986991955307	-0.0715800760367572	63.46061622222769	10.61994705531057	24.88245660263425	-0.43546213314239224	-0.06084986991955307	-0.0715800760367572
8.032971517886232	12.176098862302785	21.66142331237191	0.11962552451143774	-0.1322573344082051	-0.00787258757948733	8.032971517886232	12.176098862302785	21.66142331237191	0.11962552451143774	-0.1322573344082051	-0.00787258757948733
12.716622375328363	5.349800103430571	27.09420386948533	0.12265751717227821	-0.2093646885077211	0.004830197109708841	12.716622375328363	5.349800103430571	27.09420386948533	0.12265751717227821	-0.2093646885077211	0.004830197109708841
11.117342901622823	16.788438406246808	35.54754126205907	-0.05789698022855668	-0.01138796295535784	-0.25351779652661327	11.117342901622823	16.788438406246808	35.54754126205907	-0.05789698022855668	-0.01138796295535784	-0.25351779652661327
25.103867685233116	14.17674854623938	24.24587595770406	-0.32996630357090523	0.04309634437710022	0.13815512417138173	25.103867685233116	14.17674854623938	24.24587595770406	-0.32996630357090523	0.04309634437710022	0.13815512417138173
26.267614743368796	19.89041434496503	29.568447759987496	-0.09338639082253095	-0.0640576846632086	0.13597902807479828	26.267614743368796	19.89041434496503	29.568447759987496	-0.09338639082253095	-0.0640576846632086	0.13597902807479828
32.37730603733783	26.053069736678825	25.71055082155625	-0.10222029481056753	0.07353603584324421	-0.18187011073464632	32.37730603733783	26.053069736678825	25.71055082155625	-0.10222029481056753	0.07353603584324421	-0.18187011073464632
41.189045870947254	38.02282462550978	21.367875589298947	0.020166674406274964	-0.022625718969027837	-0.08382035796690118	41.189045870947254	38.02282462550978	21.367875589298947	0.020166674406274964	-0.022625718969027837	-0.08382035796690118
52.59500813702563	7.4335169685096245	22.043751213422652	-0.06975423734005433	-0.08573767990549176	-0.1586745990227905	52.59500813702563	7.4335169685096245	22.043751213422652	-0.06975423734005433	-0.08573767990549176	-0.1586745990227905
54.67683424633942	27.33288425441413	25.28215887424309	-0.1281932955963755	0.007087058939368709	-0.014404436819004681	54.67683424633942	27.33288425441413	25.28215887424309	-0.1281932955963755	0.007087058939368709	-0.014404436819004681
63.72646565104633	26.51480911837025	22.298726532970953	-0.03300816962245864	0.04033093338462549	0.05082635270196636	63.72646565104633	26.51480911837025	22.298726532970953	-0.03300816962245864	0.04033093338462549	0.05082635270196636
0.44512508951499946	31.992548249183685	29.37150238016157	-0.011372584285810684	-0.07657060434895584	-0.1180518351663054	0.44512508951499946	31.992548249183685	29.37150238016157	-0.011372584285810684	-0.07657060434895584	-0.1180518351663054
18.454252760796418	21.480109973098354	6.842076312326539	-0.1799161963954508	0.11269554854627602	-0.16107488761060407	18.454252760796418	21.480109973098354	6.842076312326539	-0.1799161963954508	0.11269554854627602	-0.16107488761060407
6.386836870628244	23.971637895428938	22.581963805504447	-0.11692556277749272	-0.25417941398090643	0.06210068590724505	6.386836870628244	23.971637895428938	22.581963805504447	-0.11692556277749272	-0.25417941398090643	0.06210068590724505
21.286182935747355	20.43939391110006	36.48610295176636	-0.4082299442179035	-0.2147608758052346	0.005509113477072193	21.286182935747355	20.43939391110006	36.48610295176636	-0.4082299442179035	-0.2147608758052346	0.005509113477072193
36.47448128324204	31.84674865034866	32.797641252941546	0.12935922318854357	-0.05671235359720787	-0.050100283441400814	36.47448128324204	31.84674865034866	32.797641252941546	0.12935922318854357	-0.05671235359720787	-0.050100283441400814
