216	62.691574647536811
-22.796822054023295	-19.783587120239069	-46.446903393818836	0.085034856508408	0.174963855106459	-0.010715664994007	-22.870560857611135	-19.903898024426894	-46.283428422630962	-22.859768701893888	-19.883629070599763	-46.284445178070897
-12.895247640075610	-31.406147967175276	-3.671746705577366	-0.153288526156133	-0.042408084533553	-0.240611741297902	-12.873483183464975	-31.400198432141444	-3.636829087334766	-12.895064994887678	-31.406074052644019	-3.670875785366344
-0.801892898198617	-24.445627795438277	-0.095535864096312	-0.099036900142965	0.054223682427688	-0.195132817628983	-0.596037171923443	-24.495259406145617	-0.066038579843180	-0.609546633543122	-24.484892366857292	-0.092693190406502
72.379409944595238	-2.938203640259329	-35.959104864816197	-0.282544152387023	-0.026255609452987	0.027912000367294	72.422105766036125	-2.932927830394009	-35.960632574018391	72.381486747891472	-2.936978539035176	-35.957219996791331
-48.676394625238487	-5.334457710757858	8.569689258156917	-0.132541955871091	-0.231343809001340	-0.021094286184370	-48.387781399674026	-5.319782168256554	8.616102587249774	-48.405402310282859	-5.353381489300259	8.611425795596507
-1.321696991534238	10.641910538133676	-18.421525590982867	-0.015247093146332	-0.082542927010172	0.245856260615131	-1.319927857267457	10.653345263814442	-18.455964982656266	-1.321918101192924	10.641642697751285	-18.421406818419559
-11.424392840983982	-29.440185827004367	-12.116958047796984	0.040561802243078	0.355256829552050	-0.265113073873981	-11.342014642330856	-29.444696486981915	-12.106409713438559	-11.340695478901329	-29.402070430098011	-12.143467581305559
13.769859492599410	-4.054692558408216	-13.429202292210867	0.268009466016481	-0.145274265264541	-0.277761606438863	13.733593781317884	-4.034194819687482	-13.389548883753664	13.771114784233427	-4.054786796607686	-13.429345987253955
-1.030810297346636	-11.789492931199618	-21.420700087922512	0.019456910471626	-0.008673802576529	-0.003193356512530	-1.022881946500254	-11.652987904023338	-21.208008008013167	-1.017352812551531	-11.653573701099132	-21.204641206304689
-37.405821336687488	10.097342439646882	-61.587837434079795	0.203392988512773	0.043092746715795	-0.056785638274259	-37.434821609446381	10.092743640547170	-61.581163147803863	-37.406182479023109	10.098561211887777	-61.589305615954778
1.031785378814829	17.128265024188241	-24.194238113243777	-0.118447175035870	-0.057775292087963	-0.293996042551102	0.909749187412571	17.163406755676171	-24.115583233654814	0.892576436041147	17.159427664196045	-24.153388078814263
-15.035657722011717	2.120349935656876	-47.994432605921247	0.250573668859024	0.053585301489373	0.354386119407779	-15.073372962017018	2.111523567328092	-48.044343724706359	-15.037507601722236	2.119122272581281	-47.994074118089472
-8.823978841748424	22.192682813926336	-47.626900724667671	0.108945914403517	-0.074386513264793	-0.007340063695280	-8.702250710524211	22.361051727542790	-47.554493489621599	-8.690893898257363	22.351994234680159	-47.554191008271189
35.613535158846879	-21.718851844764036	-6.531493395553481	-0.005415482970586	-0.142059404513539	-0.060493849316929	35.617074189781590	-21.699621985161308	-6.520677869841829	35.615995419490829	-21.719592738617937	-6.529644407212913
42.539150493050585	-8.275700815073675	-48.139866874644817	-0.032880686916284	-0.078068936594776	-0.117677427297681	42.370484101859539	-8.359319630752440	-47.902442690222237	42.364620252730944	-8.368198203981907	-47.916039912538778
-25.926708007594687	11.724564986739363	-24.869674736376162	-0.071624587229406	0.082239479582587	0.127495964593486	-25.916818964302767	11.713374211811228	-24.885313446981655	-25.926593119224613	11.725323061494162	-24.867779328394171
10.987113809460110	25.088538161244799	-8.701438194035035	-0.004065843009812	0.009519755973423	-0.148458609629302	10.991711044632751	24.823397890055549	-8.635512872705169	10.991272203444298	24.825527185237938	-8.655144022992246
-13.964268778732906	3.430294910781876	-35.899494932587736	0.070819203529378	0.110362721934495	-0.179855187227628	-13.971358605506625	3.417271740766971	-35.872402567296319	-13.961719414393785	3.432442788326230	-35.897771446368168
16.959921582065402	16.561812548706605	-28.654466906789949	-0.105161066599670	-0.072608921293628	0.059364542640723	16.913832638675338	16.516215287477138	-28.176390167654276	16.896376262233844	16.509836740426397	-28.169884065107265
-14.338268881671000	4.298317246476602	-19.569902842885444	0.194636292334756	-0.294977794245995	0.020573194421205	-14.365302092067353	4.339811987965218	-19.572704654654562	-14.337774919028545	4.298050385856183	-19.569777947304051
-50.726601686301841	39.507030757747849	-33.834637374725851	0.081994644867962	0.063103210737701	0.002570904496725	-50.721811528071861	39.389773988908253	-33.973697039583143	-50.711799286324613	39.400863517796289	-33.974044837291387
-13.343257646086295	29.275655517034306	-32.978480401096725	-0.240468958644053	0.157296349492854	0.048867823395381	-13.309125825078242	29.247603831338822	-32.988036134585705	-13.343175302936611	29.270910820445316	-32.980650941391509
-34.124746014186364	21.273482358616935	-7.321493224123515	-0.007884619114407	0.050434503648722	-0.014811581445495	-33.785285508606329	21.460059784353060	-7.289066312030679	-33.788121542769247	21.466604018053342	-7.290042991540418
15.129394057833947	44.210076479933321	-8.571367577965976	0.007418894317413	-0.237383539610705	-0.076713684697080	15.128800147163188	44.245670567200804	-8.558731195334143	15.129991501563428	44.211729567632872	-8.569666674074826
59.512077656802894	-9.900261067091641	-7.061577196268326	0.000493738602699	0.193306339571238	0.048620346744568	59.370011951453748	-10.020120912050414	-7.133369980489014	59.367660350788036	-9.989953355116855	-7.129555388808812
10.664335604144231	17.492375935376455	-24.054402314081372	-0.072797284969680	-0.164169429830771	0.083077789453010	10.671820305628055	17.516356896748722	-24.064515086255035	10.661813356406300	17.493200424041465	-24.052526952981719
-45.096597655459476	53.357452474265585	-37.861793550359280	-0.110839286318633	0.041596029171949	-0.088802749051341	-45.156565311659982	53.182272833052380	-38.037414062658996	-45.171753797986419	53.189194499661376	-38.049126075322384
-1.918469798982457	-40.131346808601108	-20.262366654956768	-0.378969369866162	0.043588675798879	-0.093006158788387	-1.868169716959015	-40.134180916108100	-20.246894582770388	-1.921529029961304	-40.128564737315493	-20.260715598449060
-17.988028643238426	-37.830388005051255	-7.504506857498467	-0.259250523732909	-0.157765030515805	0.021364297666859	-17.857367517489489	-37.669671203434298	-7.389256607290392	-17.887197379316742	-37.690179896370338	-7.382774818364593
5.983103532608312	-38.341088184735668	-65.055890140528277	0.182779766843948	-0.050590940916915	0.143398073762279	5.962192661172860	-38.335586946831427	-65.071999827319132	5.987371819235696	-38.342551295952255	-65.052573306775841
-7.588963879310582	-42.830185155155021	-14.063618218300544	0.114111579098781	-0.078473955764405	-0.226365158785323	-7.631391741374595	-42.902669427121161	-14.038583099082066	-7.616693873287510	-42.910189060088570	-14.071592447202873
-35.823692667837733	-16.737394186952471	-14.688879656573082	0.138815075358880	-0.465316947518646	-0.120148822619029	-35.846574322535133	-16.672328703125714	-14.672232787810954	-35.826463887836766	-16.738810009547521	-14.688879836266329
16.863097888543876	-36.686757394381537	-29.989338772640171	0.229415213257328	0.236268447437655	0.024083892969278	16.860789967573890	-36.536940578617902	-30.193992904281146	16.895960103770360	-36.506679122447188	-30.190426008163694
-14.399110802085641	17.829864593524611	-12.234504104728579	0.138452495565789	0.068952260602715	0.123659070908256	-14.420142397460157	17.817906445816810	-12.250895803613146	-14.400083410015021	17.827769949303054	-12.233447720314535
35.260559320412106	11.487800141340953	-5.583583552720175	0.163657452158410	-0.083446494559488	-0.250998877632045	35.286942072533982	11.424784365819166	-5.555973397772159	35.308866097591391	11.413525075774212	-5.591341911043868
-29.325358826502789	-7.234728989368080	-7.896856104931760	-0.214080169039551	-0.012216399863122	0.121919232741853	-29.294775716668138	-7.233497484110881	-7.914509440138485	-29.325266397391871	-7.235484939545600	-7.896927018702536
-10.549050551762528	-4.311709429636964	-22.866682463871179	0.171804628303388	0.066133223040426	0.215739285737651	-10.694736666588668	-4.410801770996776	-23.026132708161889	-10.673255835240266	-4.395977071616933	-22.993311658781590
-13.290921534600283	25.465477481770595	19.436721974687650	-0.178203669230285	0.084144670228643	0.060757891073219	-13.269617763159236	25.456275645645430	19.430631051565459	-13.294014908510317	25.467612389398720	19.438864144630578
6.354226401164561	-16.826918131871970	-25.508817859502415	-0.203577596115934	0.035251894063899	-0.039950849644555	6.385326086934494	-16.791837003074058	-25.462238846113422	6.356778658432008	-16.787864525158167	-25.469825051839429
38.668071366690150	33.118590345951766	-27.172371603075941	0.118449941355492	0.111424661140984	-0.177571028992433	38.652091288354235	33.106159454247141	-27.145126764101100	38.668722839558043	33.121699666924414	-27.170948859046923
-59.058184659177016	14.142672648565885	-10.871677621954888	-0.004227076290431	-0.155413694434467	0.167953570036048	-59.061032863643192	14.181677040456902	-10.881198913813467	-59.065683994163066	14.157503632451908	-10.856836085215972
-36.114326264882962	-2.267478906504744	-20.554409760266896	-0.261559339552519	-0.340892306993282	0.001426008569707	-36.077114361088519	-2.216987669180213	-20.552270653127668	-36.114203523507179	-2.265676993509748	-20.552561297251177
-3.909401099843151	-10.067311640042913	-33.210591775390114	-0.002924890946409	-0.064539152307126	0.246932900994295	-3.771814384344783	-10.165116229553419	-33.250823224626593	-3.770558392714904	-10.171625255668278	-33.219038022158031
16.119107538368553	-2.481589360575113	-26.056963863913928	-0.025851309112502	0.300703589410842	-0.196319833596246	16.121573773822146	-2.526857519496123	-26.026213260928120	16.117830994550523	-2.483464318168156	-26.053999756385871
40.778643015307360	18.943147585433522	-12.756086151358655	-0.144558235027673	0.141592742687763	0.109932060517664	40.724014130276302	18.851422301893585	-12.818638339293011	40.703450031456953	18.869246981878231	-12.803990321283772
-3.298668735299204	31.194029631640092	-10.262462627620629	-0.001184565276278	-0.178613958499970	0.016033732204975	-3.299274271700098	31.219239814101542	-10.265107798579162	-3.299583646720623	31.193890616297150	-10.262990559405772
-22.215048144102429	7.363692844791801	-17.539407749323455	0.008306957584694	-0.182556491386487	0.117623102798406	-22.128167329589221	7.415531310387393	-17.651050823524482	-22.126229166961839	7.392925063391945	-17.632757684982312
28.883618492196650	13.955292006683434	-34.099123101586095	0.017678089401099	-0.088306973586577	-0.124014898015473	28.880991168429702	13.968359374337897	-34.081056595956206	28.883586356491278	13.955727854037843	-34.098969362677813
17.435841480727557	2.246379373723256	-17.262396190347506	-0.143609401021026	0.103592292357611	-0.098265543672528	17.473111712610894	2.139395120272384	-17.285264580751416	17.453215578977762	2.149288367243140	-17.300932095285102
40.906238811119920	48.451366095884161	-16.405538666265283	0.239183701777168	-0.092072093861020	0.040399621294908	40.871148249994178	48.464176313987245	-16.412262875892882	40.905322690989195	48.451008151006945	-16.406335770616938
23.509453621771804	18.334020400907267	-15.211536544145158	-0.064242037888813	0.025949935324228	-0.015580288322624	23.510117574423930	18.312777098014177	-15.438210295910435	23.502130850915819	18.316601411732446	-15.439997604745393
-7.230797455871519	-24.569161887935088	-22.172245743882275	-0.056601756862109	-0.019145037814402	0.025848205061289	-7.221386282680218	-24.567866002631948	-22.176354976586776	-7.229154853364980	-24.570719773185079	-22.172477412600379
-0.223396736491393	27.586130467518107	-31.583873361563594	-0.007783027013190	0.228054578929872	0.000963770786466	-0.380302465125603	27.577971673624656	-31.745562969579328	-0.382001006677069	27.612045569851158	-31.746099001141854
1.023109726294356	50.906033617724717	-39.032397018926360	0.304249699827038	-0.092645876039145	0.068404871185535	0.981473526543615	50.918464273588420	-39.044331135824166	1.024599191606328	50.904983278809283	-39.034309708358350
33.279180964889150	47.260350609938477	-10.671930665767151	0.144368157529673	0.123725105766596	-0.105651250621418	33.314990330226060	47.126187388413591	-10.497518899151110	33.334527997829895	47.138219308708514	-10.510587792962767
31.512315071673818	20.594879227698854	-15.076981252740326	-0.064743003391543	0.090697788452862	-0.153562486957571	31.523229051819186	20.582201467115190	-15.056822786052868	31.513979785807393	20.595221438708585	-15.078624516507942
-46.092635874674102	66.004404251809376	-42.790704207907218	0.238215879934256	-0.065212141544125	-0.007994758358691	-46.152028499993399	66.214577126563711	-42.882834291969765	-46.119015211831787	66.208101494859392	-42.884628626588722
3.901005830506173	-25.600562442396306	-32.651580919973036	-0.055462037771139	-0.028250918311732	-0.058800535290283	3.910118909452098	-25.597540582047230	-32.642545393335652	3.901851456973446	-25.601857325974471	-32.651047786474770
8.172819809693380	8.420400406347932	-21.778478514134783	-0.047819005560484	0.142132570215137	0.264322178357086	8.054270345978530	8.397925520081404	-21.990864502133000	8.045168299481592	8.418853322507815	-21.955370483419561
7.060005101096603	-19.489041509112095	-51.341759908649713	-0.049223091963805	-0.415845044867098	0.266797611172883	7.066691498947389	-19.429771181027611	-51.379871950451481	7.060152223822006	-19.489216030614411	-51.341686751320488
49.090579222932696	-28.322121027647007	-28.071059203350160	-0.180447171446838	0.092905343992409	-0.057050387559740	49.094171786773416	-28.381606931145186	-28.207234306111772	49.066409870052148	-28.368920609136314	-28.216216186192760
-32.210166997002311	-27.478417786861815	-17.134472755774386	0.135746031013421	0.143131362051271	-0.113386609969219	-32.231749232485804	-27.498495878768260	-17.117323989443872	-32.212445045469437	-27.477949609720259	-17.133534350717476
-12.114369455137005	-18.272429238637919	-20.364002329807175	0.143758110922955	0.066970719982492	0.066291152294036	-11.979565349380922	-18.404867981635402	-20.315000237507277	-11.963118488775430	-18.398344281791903	-20.306249851884939
0.155055728593881	-28.756472103687255	6.100346537819621	-0.096072037268781	0.083833842525257	0.084153790400907	0.168001174316758	-28.769501731668285	6.091675715377625	0.154487180524803	-28.757472768902876	6.103333870364734
9.559102965174089	-58.551215454483867	-0.039785145719698	-0.003339186179646	-0.021190736112877	0.028450140383605	9.570005643048642	-58.399043455141644	-0.246928824042723	9.569060535092511	-58.402470043322751	-0.240633012853049
16.910817810625133	-45.278159683494067	11.841775336122023	0.145654892904291	0.027010070271017	0.201355358514040	16.889705786988745	-45.281746811003124	11.813564041928347	16.910100969532095	-45.278030526998187	11.842174891895601
-35.751982210386998	7.243738443749716	-39.222072448428534	0.112203855233318	-0.083510780933564	-0.062530413999842	-35.731550073803760	7.381607954753551	-39.219899120544596	-35.717084569846612	7.371350318820650	-39.226849333961091
-0.384576254540804	9.350896079337137	-4.550450865315976	0.013269255152866	0.091402971481629	-0.211820186578565	-0.386444529602608	9.335386788391801	-4.520861399668868	-0.384559324130585	9.348820295560081	-4.550707673479043
-14.043149383343964	-9.369840185718942	1.638072781305501	-0.208309912564837	-0.049667840973567	0.414681937367987	-14.139522155222064	-9.374192004148927	1.394151942685350	-14.165403409249727	-9.378194716845247	1.449897451409629
-13.024587297758105	4.805947033798172	-4.430455959672274	0.210395824364751	-0.132543228093065	0.114111247386300	-13.055624947533362	4.825391857619363	-4.447594232519573	-13.025656768695621	4.806743115691178	-4.430954163635024
32.525299008350082	-1.855978926713884	-14.094220076593727	-0.019495406371673	0.131791579761385	-0.108936303044331	32.437378165848642	-1.808677291603117	-14.041035153610000	32.432517389472359	-1.792685920830930	-14.054473772623957
-18.980670465342619	14.965998396959428	-40.966697345754916	-0.050688939310535	-0.204707239375051	-0.382782810268259	-18.973687840343324	14.993734680478854	-40.912128673797106	-18.981482402888332	14.964938947530415	-40.966319387368202
-20.716439808483589	0.050201667185641	-7.591655089465204	-0.009535224269990	-0.056967430969885	0.082361785037919	-20.606491672796782	0.197933255526360	-7.392996770975861	-20.609312920142258	0.188069255430549	-7.380176534732747
-10.985403024242967	28.567976997011954	8.365547549815354	-0.118513109001471	0.069004457822868	-0.075506196305920	-10.968139867972985	28.558539460828708	8.376806961772267	-10.985050644867426	28.568227141469926	8.365822730399763
17.425264226859444	1.561051362317208	30.117462415154971	-0.040182911546665	-0.069812346731885	0.123991281052530	17.229551285187824	1.680372086254624	30.441111447204708	17.223485976357914	1.671792636241957	30.458307431894358
36.099696116007486	7.035214712820725	-12.265316162161161	0.157083806221215	0.164124716288127	0.174631391803219	36.073068460458131	7.010434589549487	-12.286455597198822	36.095998109820329	7.034181557864871	-12.262457889048523
-17.169994029314694	31.126774015332664	13.270410603934836	-0.075335936987493	-0.237619650356901	0.036061118884400	-17.024327532578287	31.151636923460554	13.248911827097100	-17.033736906946586	31.118999897376796	13.255185445325848
-33.578076107009984	-13.767090140856849	3.525802831560121	0.122354720362039	-0.036209982364027	-0.079352699103265	-33.594361453447490	-13.761833737572344	3.536151603922590	-33.577367960550987	-13.766844712613464	3.524504696980501
-15.472974583563010	21.416954340846161	26.334535184901199	-0.162707599442094	-0.098098223909446	0.220067639875423	-15.531205143039678	21.511540684333962	26.183399403007964	-15.555202685665311	21.500694258755718	26.214172760305452
12.212957773069071	8.674074935234279	-6.255754084994797	0.049542768144281	0.061070041201653	0.088310339413692	12.204371163260200	8.665030139662122	-6.269589610990884	12.211476990750075	8.673742506257163	-6.256997350542557
30.779426943200786	-10.607992495177248	-18.583633986445090	-0.001150315319949	0.015617614575804	0.106389004198137	30.817531601483982	-10.617134814672758	-18.727453406266108	30.814677965856859	-10.615218395536880	-18.716499801385066
-6.453068724895490	18.986685391393763	3.495999007552854	-0.049751475008380	0.125314835553795	-0.050596929931181	-6.446398741137831	18.968998662261118	3.505980084177835	-6.453605352493051	18.986632273988700	3.498426954211589
-8.788583874890055	12.822476117187003	-1.313446253499443	-0.157911847760213	0.032820375914592	-0.089586950345885	-8.742034910013651	12.782236670169436	-1.248667392096488	-8.761327758427344	12.790160117389490	-1.261905032922832
2.998163280622770	7.155917230560348	35.836925588733500	0.051929820758518	0.106440567556555	0.272287362024966	2.986725946702659	7.139657569777290	35.794374663067202	2.994481155783127	7.154798455740579	35.834015751614452
-7.119019415263803	26.734211145002600	1.124238713436659	0.112652053593711	0.130644801517424	-0.061749294634703	-7.397635680015547	26.657725379402105	1.371879332894738	-7.384232893640459	26.674793166861953	1.362330769240351
18.900534657367675	33.005034096877480	-34.900216894038437	0.206277605423268	-0.299379142930648	0.127763525474559	18.870965786070137	33.048191147136365	-34.918455804381502	18.900456002617229	33.005386738302832	-34.900606740865065
18.951023317253799	53.619378203568644	-8.671217280782503	0.030532226487170	0.080526511950245	-0.014989124055023	18.851014175715946	53.564503131723136	-8.695971962712992	18.855972880368846	53.578340822804861	-8.700095178555420
-14.239072039936172	-10.454906530130254	-26.106389105559163	-0.255960561106500	-0.242405798752586	-0.062938867413276	-14.201695744096838	-10.422097645024124	-26.098293829771276	-14.237997577229615	-10.456197136780691	-26.107268103446373
-20.024103141782014	-42.126852379784452	15.263957694516909	-0.009870118423190	-0.106052440495095	0.106456539920566	-20.243523775783498	-42.128765941967380	15.417846153270609	-20.247198230047097	-42.145501847443292	15.434920876173456
-10.988671547109213	-69.193504559089888	-6.259509730873019	0.070134244156930	0.193369276307547	0.151851980220255	-10.999525921921665	-69.220193148219408	-6.281607892098729	-10.989579146139256	-69.192694692100403	-6.260062827471689
5.538977718963170	-34.973638406936026	4.881367543614192	-0.095164438483096	0.022252658129615	0.192013588230348	5.502330307055163	-34.870085787083042	4.708852646414019	5.489265277544774	-34.867444248928791	4.736885554845190
15.457685820620068	-17.377132939838585	-21.088151889522521	-0.030855299627752	0.000237072208274	-0.059613788763654	15.463259282471727	-17.377388758976327	-21.082790641724465	15.458701952927143	-17.377159812293545	-21.090708907921393
10.651405185992164	-16.898755129584586	-15.164591510444613	0.023366453804126	-0.164585048256816	-0.018733166790719	10.842048508270949	-16.792902598878648	-15.237457168710016	10.845845463597964	-16.816216852373216	-15.240238778842231
-27.917744793753805	-13.522477909202189	13.725826782864516	-0.023461246776169	-0.170144840396927	0.117543627500461	-27.912519807565150	-13.495742361814573	13.710827096300815	-27.916253544018140	-13.520286835150808	13.727655521156764
23.530453287891525	-18.779525782819579	-22.881380172410040	0.055136834000399	0.061169086272413	-0.167329283490536	23.438507337154785	-18.839606029184498	-22.760450060412921	23.447148216584328	-18.832786808433230	-22.781970660667525
-3.147281282665709	-43.596905700619580	-30.894392701992917	-0.366084185933338	0.333552298273434	-0.072185803424155	-3.096269599941382	-43.643756971216618	-30.884715342640312	-3.148497095410284	-43.596172434242845	-30.894673898794505
29.898742814030651	-27.175246027628077	-7.805114338416923	-0.358101750087029	-0.068099230965955	0.031656874384717	30.135900381970917	-27.183050880409560	-7.849846708030838	30.088622091948647	-27.189490820041442	-7.846807020898440
-25.444155816732369	3.322337408816800	-0.600746746213732	-0.016456571120000	-0.144949259884736	-0.125013650185745	-25.441825134265574	3.344359150610381	-0.583171819088937	-25.444377992656865	3.323734086528842	-0.600446999945671
-38.803272737687408	-6.011372834556511	-26.875902083393299	-0.081483372072301	0.086268014617638	0.043473018808834	-38.803273224523814	-5.951210718780382	-26.695126568585657	-38.814268576464528	-5.939134581575075	-26.688765057753518
8.316358087520960	-29.340576074193919	-15.956464156517713	0.069102346993609	0.069298589463544	-0.023863319797209	8.308669638925132	-29.348868938895514	-15.953066939921024	8.318458657843923	-29.339213894283013	-15.956819238965371
6.049480741475080	-5.734368145971197	-12.308296682549804	0.005198238660511	-0.071109458881663	0.034066700618863	6.226532703134605	-5.572089055850785	-12.500060149653331	6.225947940270815	-5.583671417818180	-12.497441776627735
41.874560209111920	-6.127906284326268	3.208960598486727	-0.059214880634875	0.198756407945861	0.007996655256615	41.880081725746209	-6.156743551377459	3.208322455565424	41.871998762263509	-6.128549612372849	3.209261799663656
-7.643891765155487	3.700148938312853	11.605634525358555	0.174659620827457	0.130907137813890	0.023516110617610	-7.776914715693986	3.581786580384012	11.433600425120220	-7.752354149187332	3.603372579871888	11.438003382875539
-56.875222765845713	-3.953371806027833	-4.660539758670261	-0.233061822686016	-0.078089072287029	-0.110536533306042	-56.842363262325669	-3.941751680240860	-4.642503415336177	-56.875469282932862	-3.952605199537701	-4.658641704840253
16.569860381066164	-26.451850463718269	-8.967442547720186	0.259016552615862	-0.105042234355704	-0.020968534935130	16.497345872010264	-26.281533289436361	-8.801006319892810	16.530778655759303	-26.295837295858114	-8.804342568771313
15.961661505575336	6.179684917351374	35.721346565046595	0.051603697791412	0.122146307139796	-0.073178890201175	15.953400116763170	6.167290990069601	35.736203279254042	15.960937269367962	6.183556958210040	35.725326716001710
22.962659654858719	20.768706118298038	17.155048167862596	-0.190840252600462	-0.086327807817970	-0.056888762721636	22.929007131757359	20.770683249988185	17.066976529003959	22.898326975303860	20.757298050727361	17.057735021087492
-16.348638269299339	39.617628389544350	28.093073751403043	-0.027941419614178	-0.058218631522562	-0.133686318187398	-16.343595403310697	39.626298119224430	28.112234030161805	-16.347948732940708	39.617927889226671	28.092979641663902
5.567846185220324	8.008457200215959	27.499492894294264	0.085718484234737	0.114245302654397	0.028025088943046	5.567285069678864	7.973448252243965	27.345541884505192	5.581184839741596	7.985854176604663	27.345095189486184
25.646661305735673	49.337104389156970	29.361048480271638	-0.217011147756875	0.229246648516720	-0.201369319129586	25.677189758306778	49.304789893839526	29.389890805195989	25.646744369182354	49.336656805169895	29.361355171721605
-3.593905483751660	13.826106016035096	25.254389076586950	-0.021698785588802	0.039401647746207	-0.007014885980797	-3.458182952688711	14.076275357438547	25.225068397636537	-3.461611102940650	14.081696456736896	25.223009965670851
46.255950024233215	38.758002220895960	17.943516837259349	0.132645214567295	0.007892938691721	-0.048729093916102	46.233714858611748	38.751254985754649	17.947220765390604	46.253078699060090	38.753430167156033	17.941222242380146
-62.011934716633398	16.146165427141675	0.249014421059639	0.044387555079050	0.081012316780066	0.052908291175450	-62.026384446227368	15.980977922845616	0.255224919000386	-62.023567796809921	15.991248117554903	0.262453955298234
13.517870482606039	22.986014185022317	25.268359857469481	0.003803641470406	-0.122307139616691	0.096773680822868	13.516043158814655	23.007969007582734	25.253357138247615	13.516487267113611	22.990196983699846	25.266942391205262
14.867387223282766	15.916724549750388	26.203040904907194	-0.000128824819915	-0.135779405757062	-0.052495989191595	14.835394908719929	15.885405016994556	25.803356582625185	14.836546453615371	15.867690699171838	25.797048526537953
40.578894299167409	23.604112194945991	5.866583955408272	0.250474346528542	-0.145108563566985	-0.208968385387588	40.547551330881149	23.619563577959681	5.899131912044195	40.582592463997749	23.599641352788737	5.868607121469362
20.478223128517811	43.266883375010472	18.604729750206406	0.209632595708995	0.271421227744378	0.183887414612054	20.267965709561505	43.393940020223631	18.420251666047594	20.294941857453299	43.432638119538986	18.446218833189747
-18.547297956315671	-32.121801183912794	-15.245755499399820	0.335807644010470	0.007821671403697	-0.124243087435990	-18.596051031147596	-32.123748159091164	-15.228491078420541	-18.548191028521714	-32.122648592718427	-15.246402592939061
-23.517942250558153	-19.081508574755269	3.190122822279811	0.064129182212229	0.196370848687997	0.050499482080881	-23.539991156064474	-19.105366347778855	3.064324298401612	-23.530841707522143	-19.079236795092193	3.072276612579842
-40.237377397398653	9.294174749836255	-14.774512475867319	0.208465633558007	0.121871953438832	0.037876695180848	-40.266234418756433	9.276480014377206	-14.780565512725287	-40.236594291424574	9.293603623475697	-14.775017615273503
30.934492703714362	-50.149283954763774	7.277901188852256	0.230319802423902	-0.219925234071919	-0.073776000966867	30.850975125809548	-50.200610869967171	7.256315343927586	30.883478732952430	-50.231307996972497	7.243869507089834
-9.261779919993474	6.581448002358662	4.810796619967853	-0.056567887108660	0.272953825093607	0.404956477436217	-9.254597189057868	6.543712579842813	4.750788528761668	-9.262720315984883	6.582696711815848	4.808445280177359
16.301802477416789	-49.010757827966799	4.035351069696541	-0.041534923831007	-0.109564150217605	-0.080889517352241	16.286131096151358	-49.107467148245270	4.228234688925794	16.280199436182649	-49.120487132871375	4.216250136576008
-4.490890317895626	-45.291954789918336	-5.834418353327098	-0.049103283474530	-0.293812563180450	0.018402508826059	-4.484015180689177	-45.248083313972913	-5.840357060099556	-4.491159711667416	-45.290620193844426	-5.836919547564451
3.200182500877024	-26.381315527833181	-10.009519968235020	-0.058843706548048	-0.093894559157083	-0.101584824804611	3.228894855508177	-26.492926204997449	-10.069255935441648	3.223276127122066	-26.504263643177058	-10.082486700447699
1.372296645608746	-17.089407126033496	-3.858162406434592	0.135080258842715	-0.259980851959734	-0.020681174044131	1.351523336827269	-17.053310074552702	-3.856199008922910	1.370932645512076	-17.090188345415360	-3.859213744467105
4.096304244824268	-10.124743281257775	9.430871655558471	-0.222307114109064	-0.234182113148940	-0.034256815625335	4.098012615385988	-10.220884649960665	9.499024468542443	4.068952252567855	-10.250168148547003	9.495293173068180
31.792339744932718	-34.127630646322764	-3.983364279854921	0.017372755201281	-0.150541773113879	-0.013122345657032	31.790088748614501	-34.106638438132883	-3.980750270570250	31.792656253289707	-34.127946569839970	-3.982769633144557
-29.195718408125472	-4.345537473999784	-0.112630834179638	-0.078824338009267	-0.043410651770907	0.210817907665623	-29.024409865824762	-4.363675650854444	-0.247624147929614	-29.035157097861699	-4.369758302818432	-0.222085464322464
20.937807040387259	-21.953399493588190	10.536725839932380	-0.175930667947276	-0.042139264686770	-0.056654746137254	20.962790408688072	-21.948214284949898	10.545231304913612	20.937479274533214	-21.954044295568135	10.537239189611103
28.323169075250540	-9.250978634017658	21.148039446055272	-0.142698360044700	-0.082086526475544	0.050798600254492	28.413986645275823	-9.384637019494066	21.025994388388131	28.394239036982551	-9.397099937606697	21.038093386026215
31.232144169998502	40.505869626370163	-30.911094160942344	0.119631275961952	-0.253029730115172	-0.115031375715893	31.213141228029286	40.541406572010906	-30.893369738018141	31.230197612114853	40.505636877310842	-30.909804353087939
7.412030541804763	-12.695124149576555	-1.460975206699574	-0.071585729217918	0.060575078160948	-0.037211770946232	7.490974093748648	-12.713698684390383	-1.552668654697459	7.481013425035250	-12.706614176907228	-1.557214733498019
-29.569179812733768	-43.522284416449949	15.805672592059308	0.287935399316338	0.148017915187530	0.046821941672638	-29.610737935181611	-43.543820498521931	15.798347613980553	-29.569512628726205	-43.522789345540886	15.805232825138694
-26.372366814506506	-33.960767518871656	3.435054958177546	-0.137167794907753	0.278571962872960	-0.032838432123309	-26.259754521935076	-34.142629645807204	3.330080878341872	-26.274218217806048	-34.109295177365475	3.326387115872727
-28.661166027836416	1.848346694318234	8.820415458933557	0.161564740580772	-0.008893269582341	0.231138268207751	-28.684361566992013	1.850079364019984	8.786664858517160	-28.661384033963476	1.848940624159558	8.819410375466072
29.950430620270094	18.848724575321516	36.276022885131916	-0.095391891115524	-0.035366409576361	0.122662314616185	30.062141080660144	18.927930350260649	36.050794020497094	30.049342161852646	18.926554417036893	36.069326709271202
15.749039845319398	19.622741232049727	-8.278226316853718	-0.118501791543081	0.110464843811403	-0.062463403571699	15.768414460638036	19.607818358872503	-8.269219643438433	15.750954266918509	19.623278043521832	-8.278045566972136
-27.098586673149139	2.668267910237609	17.252361509452179	-0.269207450716515	0.048767532897043	0.033646534114825	-27.262736384620567	2.545308173421721	17.236272593147884	-27.297146142633022	2.550206575580559	17.237773072745295
-25.235967217922784	-24.803992711615113	8.205788529370000	0.165959374367546	0.215851881521941	0.286200122692878	-25.259674325258857	-24.837347828032172	8.166318876484027	-25.235923124931556	-24.806382525691891	8.206906921765530
-14.648487338187204	-11.749492367803906	-12.758973520398204	-0.014353859764619	-0.117577700629253	-0.023041327879422	-14.659851304007720	-11.863111477076901	-12.612072347427247	-14.664166726794852	-11.883022867040811	-12.614525774612604
36.876529004294639	18.970740695060968	-5.330705996872600	0.213747753398768	-0.100640660154635	-0.077665596227408	36.847098991615255	18.987612480929513	-5.318125677931042	36.877442222237590	18.973097416533172	-5.328908894577158
33.772088558863608	29.643215873391355	14.542590975263296	-0.171648111711310	-0.051509545789799	-0.027847350300598	33.758166282715393	29.605355855754802	14.859994664214963	33.735532420121281	29.596465473781052	14.857736883714317
-17.697994493949924	46.617391453701210	-1.700509073912827	-0.048086696592867	-0.218650542488578	-0.078278541511707	-17.690643104895408	46.649228079444732	-1.690253200188899	-17.697550342805098	46.618341310104483	-1.701665920427251
-23.462547482742988	11.026098720565406	30.351129926126237	0.093107600734472	-0.152009515575322	-0.166105778021467	-23.610703408240159	11.223056349753456	30.356963702708985	-23.599793304754972	11.198610345036341	30.333137437944124
13.575563790552529	48.644674887623225	2.548008146725531	0.134716212701690	0.142379460386731	0.352846005904034	13.558960929239584	48.624515560087829	2.499720179720904	13.577963598555232	48.644908135004968	2.549446062343852
-11.365636756117404	42.648720173468227	20.694161149829107	0.111037159361914	0.161107611345349	0.067884446561745	-11.605553578750762	42.667834438884135	20.759696059600198	-11.591649457855514	42.687185654639570	20.766232262808657
35.124571968486883	-4.952971135990488	-44.520866898991777	0.333576544405733	-0.040936407743298	0.142309353215931	35.077479983847056	-4.949467527889186	-44.540137530613023	35.124801505758732	-4.955072402877485	-44.519867871642070
-31.357090171339610	-32.689825581465620	-23.739281378186686	0.100479700251734	0.004126799698779	0.035729195356702	-31.363949999344271	-32.578616561289678	-23.843032332376474	-31.350824931051715	-32.576551532331372	-23.838154945319637
-12.991078908195734	-20.345397817790975	-11.217119502709846	-0.075569523373762	0.142931732601112	-0.089882240319744	-12.979463564141538	-20.365721800270368	-11.205147162343554	-12.990240360818978	-20.345264354959458	-11.217687211738527
-7.021553760521011	-57.278782818803812	37.620659982220161	0.020402930853905	0.101896367839286	-0.013882294023441	-6.901700944199566	-57.299663222058776	37.584860850920052	-6.898194021781109	-57.287684291118218	37.583281544612866
18.432435484773649	-29.092435505227449	-0.812031648733857	0.088274373399490	-0.160257829745178	-0.129272555119275	18.418618829235076	-29.070134911971671	-0.795787459775384	18.431246737861308	-29.093156281894593	-0.814012611382986
5.879584642271271	-4.861238940374044	20.544997646871355	-0.085441742206841	-0.064375541074695	-0.169971478283905	6.098781287103582	-4.964879698469559	20.663701107646084	6.084361085219414	-4.971110409243239	20.641641869028369
-41.812657918477889	-7.654918078833932	4.032421305432684	-0.092225278345253	-0.120015154581500	-0.046063498809467	-41.798532200797965	-7.633988146389678	4.036905774077983	-41.811576227164579	-7.652084824804096	4.030251751646863
-16.887458373384074	-23.823253356923260	58.141651792570421	-0.122199758534741	-0.106144918205324	-0.024777974322430	-16.798112320830249	-23.631576502944714	58.020608841163870	-16.816194781850900	-23.647747256496647	58.018005410418560
10.392311442060429	9.478683321892193	20.597713995182730	-0.081419240371282	-0.125220138231492	-0.015120404834491	10.404311522892089	9.496980750583814	20.599452654582500	10.392589592462517	9.479145981441597	20.597212234965401
-6.604817020420299	0.049378628962591	-1.642983958490044	-0.298580958025429	0.017558462259141	0.032479019357936	-6.726562688170892	0.111949068424994	-1.510116610622365	-6.769974065389690	0.110809753446034	-1.509840996820295
33.665621415089362	-5.647976714113363	37.660704946749966	-0.086016102528816	-0.166813691616654	-0.069114507696555	33.678831498244428	-5.623867752950965	37.670381342855741	33.666481762230539	-5.647340685770883	37.660693744288160
31.028703778073773	-19.146611075997875	10.474098748944250	-0.043994552040900	-0.038914518806946	0.101164487104844	31.072745155478206	-19.071877759930089	10.510197638438825	31.070671441038993	-19.079010068639477	10.525925318763235
-1.200107794456703	-14.730483857148673	33.711077124409861	0.258772887537138	-0.035577268086379	0.089290882351218	-1.234028668506241	-14.731006897180707	33.703125021701275	-1.197918288160242	-14.735035610029605	33.714765201895155
-12.857612787557999	-53.953745766726726	19.863678615233766	0.055615889673030	0.188456505528277	-0.132378649729776	-13.145430422065148	-54.094538743542955	19.978101554339080	-13.140684751146267	-54.070952105854872	19.958091017784451
-3.552958311372015	-41.299840438110472	19.855151158002514	0.173344211218650	-0.085768445560948	-0.252455398033286	-3.572741637137389	-41.288406900904640	19.895145163361605	-3.548630839493678	-41.300043456345371	19.858589699922810
10.998461894380970	-22.366993197143550	2.547318381731433	0.061586522868096	-0.090875250500537	-0.131978051900920	11.009541921243002	-22.359584792600636	2.566013793163622	11.016218128681022	-22.375203083916229	2.545296886347855
-4.099624958405714	-3.220244011933530	16.947966667026716	0.570164997729647	0.286763474188336	0.162314075497633	-4.177873333810058	-3.257011622457251	16.923593964670008	-4.097189304862005	-3.217019707567223	16.946515509182802
-7.876564851883382	-9.548409350157923	16.718224420257581	-0.002285436282784	0.077309849625581	0.011007367860216	-7.757279247012559	-9.427782204025398	16.750819183875123	-7.757656081224698	-9.414659279817865	16.753981096336812
-28.972968166740483	40.210531925571274	19.628858225909081	0.077681864993337	-0.047613318404611	0.007206482383047	-28.987740854856071	40.215625465386658	19.629613028948878	-28.976132667615101	40.209126960961100	19.630426465755583
-19.197008739574148	1.277431286930029	6.157493809756733	0.016741542039420	0.156441991969545	-0.099899694074661	-19.345337128003877	1.259105353224942	6.090065392178083	-19.344086616880499	1.280290680115026	6.075628309436336
6.844405988033094	12.533675558237690	4.800305766993415	-0.092772549653388	-0.058066214809940	0.135034453286308	6.858355359883065	12.541584454166843	4.780746463074130	6.845007231178980	12.533441912287467	4.799800266882497
24.956975939667238	2.084731481923670	3.788556126918528	0.022074561907527	0.008324764015674	-0.117176410852346	24.767714422272419	2.301099369284688	3.855015044609347	24.768207633273452	2.300584667069142	3.839878048978195
-28.150282702820355	3.739252992014354	25.662617053016856	-0.000081093929670	0.088385992487568	0.219407183001275	-28.149492412834800	3.726775467789031	25.632722299113940	-28.149623146542670	3.739538122015456	25.663754599381395
-31.232139133116906	-6.786109577761987	9.923601755393916	-0.018952547139962	0.004560453118916	-0.052655461542861	-31.182859532840961	-6.821899091608866	10.036556952486357	-31.187192178393676	-6.822095440099798	10.029695307019109
6.009723897187683	21.301735996985968	-13.012859754989522	-0.124061519020994	-0.017934502491489	-0.062847801114112	6.025802911741318	21.303976537538620	-13.006349349915393	6.008651464237636	21.301233759074591	-13.015159396943137
0.400201975882578	24.833532111319830	-6.320007266335914	0.041455164662094	-0.141359032076979	-0.122155838480091	0.384651368076467	24.839875241290763	-6.408212592821047	0.392989081602492	24.820811624889224	-6.423568398584165
69.513241221361767	35.685744840059769	-2.104946987769387	0.210781978923618	0.094517283564820	-0.143213027625527	69.483948682974855	35.669999395618831	-2.086134989519555	69.514054809328670	35.683557044093902	-2.106275356290437
-44.039797219551609	13.080589323389319	-7.929660888118434	-0.138253373680799	0.114057631158961	-0.174020608272408	-44.256781940913591	12.948732585682656	-7.915825608566112	-44.275668029654035	12.965353824449952	-7.939098193654206
-5.400849321086227	-5.879027345196143	4.720854968423259	-0.156845124724341	0.117235135240046	-0.129841076791735	-5.378182818522910	-5.896467075958456	4.740175095160269	-5.400454500165001	-5.879653059263504	4.721660822944960
4.701801593073912	27.121193721921887	43.433384826754562	-0.052619447933479	0.151892747026677	-0.037557414786036	4.677823295472968	27.029995145936613	43.609193142537542	4.670519967627976	27.051242639042300	43.603270323303846
-23.957973620670689	-36.057001734194856	20.141124170401493	-0.060302418000715	-0.082926560539085	0.023289926129347	-23.947286088153810	-36.044545238858142	20.139592477887344	-23.956066957518956	-36.056443925604469	20.142869206148319
6.956226682234759	-4.176307281174934	34.391750045408045	0.043472374084025	-0.340161274725045	-0.031664819308989	7.046447736935981	-4.001606286609538	34.539768662413429	7.053107871827840	-4.045088092104312	34.532488025504094
-49.257585420885562	-17.393312486965929	22.329814510213783	0.218890705389402	-0.138974416645152	0.005449969784926	-49.290362989248671	-17.373013197392208	22.329605642355695	-49.259316587578269	-17.392719467587099	22.329928413435479
-36.625214854922191	-26.017542783065313	24.064191384932183	-0.443308969264091	0.053632609938932	-0.005317780575415	-36.441005436877504	-26.163975200257884	24.162533036523659	-36.502317451065984	-26.161533566767556	24.164728517713993
19.219464236731582	-52.858165945980232	24.393437098614402	0.025223526399404	-0.151762469972012	-0.404364905449057	19.216982367622833	-52.837664652591904	24.451572577570865	19.220387249034442	-52.858801416281985	24.393909898246626
-19.113517676684438	-1.868299237045834	25.322502390691064	-0.046489552560083	-0.117342953771052	-0.225794678949219	-18.997598054274338	-1.806724385260231	25.419115444411695	-19.004315533588919	-1.824098897723002	25.385500013708537
26.042394555990551	3.348080281094854	16.929559847523183	0.069180537341196	-0.170586277190564	-0.132877140765486	26.031855134589335	3.370671937934260	16.945727500798224	26.041775734362329	3.346604056130212	16.926969304245450
-24.396645178299377	-26.218804712245110	43.996864831140527	0.180576207420497	0.006760176114780	0.123186756780909	-24.461642968269700	-26.325205630250011	44.006881606627381	-24.437830045201142	-26.322138783922185	44.024542630313505
-34.790108230400406	-33.047222503685290	18.851521462194771	-0.047395217738767	-0.103510217014035	-0.161560604142332	-34.788621191804978	-33.032943764992496	18.877319144152171	-34.794694242948040	-33.047521812851002	18.854022480545606
-24.362041706553494	-20.936159651859352	28.222227064502974	-0.082955272247207	-0.099237847384061	0.150742288332902	-24.459530138188395	-21.047365673212585	28.191699291650949	-24.471538195311147	-21.062702042822984	28.212398256656584
-4.274675089771199	-29.140309712128275	25.860753929820028	0.014539117901373	0.005699430815405	-0.081346605154709	-4.273616315865334	-29.141649976364068	25.872625820635033	-4.271790943369590	-29.140872276369304	25.860810469329099
22.120210784468522	-28.698391909197671	5.983716347716969	-0.169458885812113	-0.104958237555951	-0.116431138491327	21.988941668297816	-28.547942210124663	5.902431804133401	21.965590187353879	-28.563822893082857	5.886451376451671
38.574280663645204	19.717579348383648	29.136344115445450	0.044879243592778	0.104578234592184	-0.106104861882518	38.568509967230092	19.700612063897527	29.152134277365526	38.574742606391055	19.715597378475159	29.136806922371203
6.353929312468888	11.435619630470578	13.052946497554137	-0.179068682641530	0.137808139457193	-0.062775372828968	6.463888481549751	11.438459423743319	13.123156480457899	6.438304718768646	11.454415647405314	13.115171533429413
-3.046902137850735	-19.073550623718596	17.931204547614502	-0.215413763982808	-0.046821721732250	-0.056218370354703	-3.018326911944333	-19.065351231609068	17.939536382885205	-3.048324585535680	-19.072042765963612	17.931946437469659
33.723394640568507	-4.558632748867705	28.865439974823531	-0.087293582022550	0.218841565065422	0.098160432833525	33.892996311407003	-4.659906348858518	28.959336017604912	33.884200619686212	-4.631254167860063	28.973170508949359
6.269194786475696	-11.800706043707622	44.038608299253532	0.045941075643624	0.051910942453363	0.113970654909336	6.263352795656703	-11.806441325598460	44.022229486382088	6.270018898540040	-11.798686829998948	44.038554119558640
59.520556786963326	-0.171826271555237	24.404394411783837	-0.096774704087499	0.154214175395027	-0.057554136175369	59.413637589387335	-0.132910984139297	24.412772569667975	59.403914031597978	-0.110752333454682	24.402697685419962
3.267510291716220	-3.294360983017674	42.689015432144366	0.144055873789080	0.010062384458689	-0.050293558521014	3.245982835129297	-3.294499312523679	42.695366639656051	3.266777830218298	-3.293207862642925	42.688410838495699
-33.606129324131118	7.588640552829830	38.884715374819464	0.093008251003415	0.228162005520090	0.206783678864137	-33.548418009500679	7.534291712304049	38.892805108408957	-33.534852313238247	7.570191666092811	38.919884173149875
12.603091734944414	-5.064896041966288	16.629586021893211	-0.173062567171134	-0.208169401037008	0.067682728378910	12.629916084592546	-5.035294338908623	16.619627042356885	12.605222720868479	-5.065038363427840	16.629441898802611
32.282175032388722	22.893883527234930	24.541995698940237	0.007686127079023	0.047704245871434	0.105689423111386	32.446925897030475	22.782131500535311	24.482222736443514	32.447659517648106	22.787903549283016	24.494065203853147
17.773865390611746	4.962658070907029	68.170663523068299	-0.030644257054980	-0.374456799161895	0.209474966162735	17.775184974553920	5.015990694904439	68.141905166949513	17.771349421580524	4.962838023345789	68.171667115808361
-4.405175457987982	41.261037845609323	10.218543093413745	-0.147021303314426	0.255263347013410	-0.129425076597310	-4.217123444847018	41.094921071698820	10.420790227824233	-4.238891265721162	41.127349188759624	10.404624976432254
39.049603045701588	-9.661886059065232	28.349302008113149	0.224836522098120	0.004962181413820	-0.002196218035798	39.020666696814402	-9.665390726987438	28.347180085070537	39.052111487569569	-9.664457037244489	28.346851248102336
39.341142073948795	27.348982102176670	30.714496634756443	-0.097141741594355	0.140715122319533	-0.137446466484349	39.279359046866496	27.381708066105006	30.808879946242534	39.268772481091631	27.404110661645131	30.789232771287598
-5.302997441364151	-0.882799319069821	32.573952156954476	0.019171896271491	0.302619105997131	0.053704255929925	-5.305464832694051	-0.927269365110766	32.566316299392064	-5.302777786031266	-0.883884916990620	32.573974721958358
-5.727996753049881	5.369594056863693	50.656871624254840	0.001224505714813	0.084616137862870	0.163669384371214	-5.709644184992352	5.504083388086745	50.634301268463666	-5.707706958641258	5.517303823633774	50.658228365858548
1.130657742561392	8.614894406381762	21.320679826783387	0.341871422672252	-0.032867018651967	-0.041437317076073	1.080068949559410	8.618408650874475	21.322692179901107	1.129382053917685	8.613994214121806	21.316965368517714
-11.023081356714622	33.049661435494862	22.647305772972619	0.166461147658177	0.093721477106663	0.039892987202769	-11.042645097722415	32.801186356738398	22.856735253020783	-11.022623020382436	32.816531568465969	22.860363547723537
-16.704032355528032	-12.707678593413320	20.299309134189688	0.195402982461742	-0.012932627881936	0.026434921886388	-16.730651205531299	-12.706435729131668	20.296960272206601	-16.703451653641256	-12.708227461368603	20.301139165961622
3.847386339856888	40.981716725707301	20.843618362748209	0.030825562336515	0.176634211052464	0.098408250618445	3.762114471114075	41.121959301986116	20.696084695121844	3.766726037012523	41.144639067007695	20.705689378803847
20.686230939683295	21.038539743889761	39.402794461321903	-0.150251353010372	0.079521387661725	-0.059090002982852	20.709349481128672	21.029109561151547	39.412809575975501	20.687481125055928	21.040498275657214	39.404368057404611
-21.548260932290532	49.444284706706881	35.209282582455174	0.322944521690090	0.105500687181312	0.128992379611018	-21.493020746092967	49.658660649311912	35.105692639417981	-21.446184708700478	49.672443768466323	35.121576992617484
-40.069779844021745	51.024698950622678	17.739656121823952	0.021529131030998	-0.020432962593906	0.082757915639078	-40.077163960176158	51.027390162427864	17.723857800062145	-40.073434317947395	51.024776997101924	17.735984309246756
-3.440546497683818	40.887374344678285	29.646072209829065	0.189621823827339	0.214288055059435	0.059725650533424	-3.280180148881661	40.677005122567003	29.700800920962358	-3.254829672514670	40.705366644448794	29.707873391593992
30.988290818677239	25.998943776661253	-29.701769701949178	-0.158402791866382	0.045579225839253	0.132170002259964	31.009545091769720	25.991797024917364	-29.725621342508425	30.987117980476867	25.998633686859115	-29.706168886001024
21.143353589288765	-14.748643614507282	-55.634271735444074	-0.058745106599248	-0.346093727523839	0.080664885340934	21.139030256950644	-14.604645585377289	-55.860277335008824	21.126044876513010	-14.651802549017901	-55.848706983676230
-5.977214376949712	-11.435245430721544	-15.286459365924905	0.183970992466646	0.030592615121175	0.404456000254464	-6.005058088503406	-11.439486334198623	-15.342809476413162	-5.978600997489738	-11.435232675512292	-15.285338877342376

Average Thermodynamics Variables of the simulation:
<E> = -5.2887e-10	∆E/<E> = 8.2998e-03	<K> = 6.7464e-11	<U> = -5.9633e-10	100<Up>/<U> = 3.1739e+00	<T> = 1.5152e+03	<P> = 3.1324e+08
